0.000000 1 
0.100000 0.74196 
0.200000 0.55005 
0.300000 0.40823 
0.400000 0.30318 
0.500000 0.22469 
0.600000 0.16701 
0.700000 0.1234 
0.800000 0.09157 
0.900000 0.06765 
1.000000 0.04978 
1.100000 0.03703 
1.200000 0.02684 
1.300000 0.02005 
1.400000 0.01476 
1.500000 0.01111 
1.600000 0.00823 
1.700000 0.00623 
1.800000 0.00466 
1.900000 0.00352 
2.000000 0.00249 
2.100000 0.00176 
2.200000 0.00136 
2.300000 0.00103 
2.400000 0.00064 
2.500000 0.00055 
2.600000 0.00041 
2.700000 0.00032 
2.800000 0.00023 
2.900000 0.00015 
3.000000 0.00013 
3.100000 8e-005 
3.200000 6e-005 
3.300000 5e-005 
3.400000 5e-005 
3.500000 5e-005 
3.600000 3e-005 
3.700000 3e-005 
