0.000000 1 
0.100000 0.69532 
0.200000 0.56982 
0.300000 0.46708 
0.400000 0.38296 
0.500000 0.31422 
0.600000 0.25656 
0.700000 0.20928 
0.800000 0.17174 
0.900000 0.14065 
1.000000 0.11531 
1.100000 0.09461 
1.200000 0.0779 
1.300000 0.06385 
1.400000 0.05268 
1.500000 0.04287 
1.600000 0.03539 
1.700000 0.02899 
1.800000 0.02358 
1.900000 0.01917 
2.000000 0.01561 
2.100000 0.01277 
2.200000 0.01043 
2.300000 0.00851 
2.400000 0.00696 
2.500000 0.0059 
2.600000 0.00481 
2.700000 0.00377 
2.800000 0.00294 
2.900000 0.00249 
3.000000 0.00213 
3.100000 0.00164 
3.200000 0.00128 
3.300000 0.00096 
3.400000 0.00083 
3.500000 0.00063 
3.600000 0.00048 
3.700000 0.00039 
3.800000 0.00035 
3.900000 0.00028 
4.000000 0.00022 
4.100000 0.00018 
4.200000 0.00014 
4.300000 0.0001 
4.400000 6e-005 
4.500000 5e-005 
4.600000 4e-005 
4.700000 4e-005 
4.800000 2e-005 
4.900000 2e-005 
5.000000 2e-005 
