0.000000 1 
0.100000 0.818764 
0.200000 0.670349 
0.300000 0.548856 
0.400000 0.44938 
0.500000 0.367913 
0.600000 0.301213 
0.700000 0.246603 
0.800000 0.201924 
0.900000 0.16531 
1.000000 0.135341 
1.100000 0.110794 
1.200000 0.0906784 
1.300000 0.0742436 
1.400000 0.0607893 
1.500000 0.0497747 
1.600000 0.0407667 
1.700000 0.0333693 
1.800000 0.0273152 
1.900000 0.0223689 
2.000000 0.0183155 
2.100000 0.0149917 
2.200000 0.0122807 
2.300000 0.0100561 
2.400000 0.00823735 
2.500000 0.00675014 
2.600000 0.00552526 
2.700000 0.0045254 
2.800000 0.00370199 
2.900000 0.00303428 
3.000000 0.0024827 
3.100000 0.00203535 
3.200000 0.00166432 
3.300000 0.00136302 
3.400000 0.00111665 
3.500000 0.00091327 
3.600000 0.00074798 
3.700000 0.00061299 
3.800000 0.00050192 
3.900000 0.00041143 
4.000000 0.00033574 
4.100000 0.00027579 
4.200000 0.00022631 
4.300000 0.00018526 
4.400000 0.00015181 
4.500000 0.00012418 
4.600000 0.00010154 
4.700000 8.24e-005 
4.800000 6.713e-005 
4.900000 5.489e-005 
5.000000 4.516e-005 
5.100000 3.655e-005 
5.200000 3.023e-005 
5.300000 2.483e-005 
5.400000 2.072e-005 
5.500000 1.675e-005 
5.600000 1.368e-005 
5.700000 1.095e-005 
5.800000 9.02e-006 
5.900000 7.31e-006 
6.000000 6.07e-006 
6.100000 5.05e-006 
6.200000 3.99e-006 
6.300000 3.29e-006 
6.400000 2.62e-006 
6.500000 2.17e-006 
6.600000 1.71e-006 
6.700000 1.33e-006 
6.800000 1.04e-006 
6.900000 8.4e-007 
7.000000 6.7e-007 
7.100000 5.6e-007 
7.200000 5.1e-007 
7.300000 4e-007 
7.400000 3.3e-007 
7.500000 2.8e-007 
7.600000 2.2e-007 
7.700000 2e-007 
7.800000 1.5e-007 
7.900000 1.3e-007 
8.000000 1.3e-007 
8.100000 1.2e-007 
8.200000 1e-007 
8.300000 8e-008 
8.400000 8e-008 
8.500000 8e-008 
8.600000 7e-008 
8.700000 5e-008 
8.800000 5e-008 
8.900000 5e-008 
9.000000 4e-008 
9.100000 4e-008 
9.200000 4e-008 
9.300000 3e-008 
9.400000 2e-008 
9.500000 2e-008 
9.600000 2e-008 
