0.000000 1 
0.100000 0.751318 
0.200000 0.578715 
0.300000 0.455125 
0.400000 0.364348 
0.500000 0.296237 
0.600000 0.244096 
0.700000 0.203485 
0.800000 0.171453 
0.900000 0.14577 
1.000000 0.124975 
1.100000 0.107943 
1.200000 0.0939092 
1.300000 0.0821956 
1.400000 0.0723371 
1.500000 0.0640011 
1.600000 0.0569069 
1.700000 0.0508022 
1.800000 0.0455413 
1.900000 0.0409826 
2.000000 0.0370219 
2.100000 0.0335478 
2.200000 0.0304987 
2.300000 0.0278093 
2.400000 0.0254343 
2.500000 0.0233132 
2.600000 0.0214297 
2.700000 0.0197404 
2.800000 0.0182233 
2.900000 0.0168593 
3.000000 0.0156236 
3.100000 0.014516 
3.200000 0.013504 
3.300000 0.0125808 
3.400000 0.0117412 
3.500000 0.0109729 
3.600000 0.010275 
3.700000 0.00963196 
3.800000 0.00904231 
3.900000 0.00849962 
4.000000 0.00800046 
4.100000 0.00753839 
4.200000 0.00710869 
4.300000 0.00671392 
4.400000 0.00635022 
4.500000 0.00601114 
4.600000 0.00569489 
4.700000 0.00540107 
4.800000 0.0051281 
4.900000 0.00487066 
5.000000 0.00463242 
5.100000 0.00440698 
5.200000 0.00419573 
5.300000 0.00399862 
5.400000 0.00381565 
5.500000 0.00364059 
5.600000 0.00347989 
5.700000 0.00332625 
5.800000 0.00318195 
5.900000 0.00304647 
6.000000 0.00291934 
6.100000 0.0027985 
6.200000 0.002684 
6.300000 0.00257673 
6.400000 0.00247483 
6.500000 0.00237651 
6.600000 0.00228508 
6.700000 0.00219701 
6.800000 0.00211406 
6.900000 0.00203589 
7.000000 0.00196022 
7.100000 0.00188718 
7.200000 0.00181909 
7.300000 0.00175395 
7.400000 0.00169217 
7.500000 0.001633 
7.600000 0.00157749 
7.700000 0.00152305 
7.800000 0.0014718 
7.900000 0.00142204 
8.000000 0.00137549 
8.100000 0.00133085 
8.200000 0.00128696 
8.300000 0.00124559 
8.400000 0.00120594 
8.500000 0.00116884 
8.600000 0.00113252 
8.700000 0.00109722 
8.800000 0.00106394 
8.900000 0.00103229 
9.000000 0.00100196 
9.100000 0.00097242 
9.200000 0.00094405 
9.300000 0.00091611 
9.400000 0.00088983 
9.500000 0.00086503 
9.600000 0.00084124 
9.700000 0.00081769 
9.800000 0.00079552 
9.900000 0.00077352 
10.000000 0.00075206 
10.100000 0.00073122 
10.200000 0.00071185 
10.300000 0.00069322 
10.400000 0.00067473 
10.500000 0.00065668 
10.600000 0.00063994 
10.700000 0.00062342 
10.800000 0.00060774 
10.900000 0.00059256 
11.000000 0.00057763 
11.100000 0.00056381 
11.200000 0.00055028 
11.300000 0.00053709 
11.400000 0.00052415 
11.500000 0.00051168 
11.600000 0.00049977 
11.700000 0.00048833 
11.800000 0.00047629 
11.900000 0.00046537 
12.000000 0.00045488 
12.100000 0.00044451 
12.200000 0.00043443 
12.300000 0.00042464 
12.400000 0.00041459 
12.500000 0.00040567 
12.600000 0.0003967 
12.700000 0.00038805 
12.800000 0.00037905 
12.900000 0.00037113 
13.000000 0.0003636 
13.100000 0.00035584 
13.200000 0.00034849 
13.300000 0.00034143 
13.400000 0.00033442 
13.500000 0.00032744 
13.600000 0.00032091 
13.700000 0.00031438 
13.800000 0.00030796 
13.900000 0.00030163 
14.000000 0.00029567 
14.100000 0.0002896 
14.200000 0.0002836 
14.300000 0.00027804 
14.400000 0.00027254 
14.500000 0.00026711 
14.600000 0.00026204 
14.700000 0.00025661 
14.800000 0.0002516 
14.900000 0.00024694 
15.000000 0.00024242 
15.100000 0.00023804 
15.200000 0.00023334 
15.300000 0.00022881 
15.400000 0.0002245 
15.500000 0.00022061 
15.600000 0.00021649 
15.700000 0.00021237 
15.800000 0.00020842 
15.900000 0.00020461 
16.000000 0.0002007 
16.100000 0.00019702 
16.200000 0.00019368 
16.300000 0.00019001 
16.400000 0.0001868 
16.500000 0.00018384 
16.600000 0.00018071 
16.700000 0.0001776 
16.800000 0.00017463 
16.900000 0.00017146 
17.000000 0.00016863 
17.100000 0.00016589 
17.200000 0.00016315 
17.300000 0.0001607 
17.400000 0.0001579 
17.500000 0.00015549 
17.600000 0.00015312 
17.700000 0.00015075 
17.800000 0.00014826 
17.900000 0.00014596 
18.000000 0.00014362 
18.100000 0.00014136 
18.200000 0.00013918 
18.300000 0.00013728 
18.400000 0.00013503 
18.500000 0.0001328 
18.600000 0.00013076 
18.700000 0.00012877 
18.800000 0.00012678 
18.900000 0.00012486 
19.000000 0.00012288 
19.100000 0.00012109 
19.200000 0.00011917 
19.300000 0.00011735 
19.400000 0.0001156 
19.500000 0.00011411 
19.600000 0.0001125 
19.700000 0.00011091 
19.800000 0.00010944 
19.900000 0.00010786 
20.000000 0.00010637 
20.100000 0.00010495 
20.200000 0.00010337 
20.300000 0.0001018 
20.400000 0.00010035 
20.500000 9.874e-005 
20.600000 9.744e-005 
20.700000 9.611e-005 
20.800000 9.497e-005 
20.900000 9.359e-005 
21.000000 9.22e-005 
21.100000 9.096e-005 
21.200000 8.98e-005 
21.300000 8.876e-005 
21.400000 8.736e-005 
21.500000 8.614e-005 
21.600000 8.495e-005 
21.700000 8.396e-005 
21.800000 8.283e-005 
21.900000 8.169e-005 
22.000000 8.067e-005 
22.100000 7.94e-005 
22.200000 7.85e-005 
22.300000 7.717e-005 
22.400000 7.611e-005 
22.500000 7.539e-005 
22.600000 7.442e-005 
22.700000 7.356e-005 
22.800000 7.267e-005 
22.900000 7.169e-005 
23.000000 7.096e-005 
23.100000 7.003e-005 
23.200000 6.917e-005 
23.300000 6.826e-005 
23.400000 6.75e-005 
23.500000 6.675e-005 
23.600000 6.592e-005 
23.700000 6.483e-005 
23.800000 6.412e-005 
23.900000 6.312e-005 
24.000000 6.235e-005 
24.100000 6.164e-005 
24.200000 6.093e-005 
24.300000 6.013e-005 
24.400000 5.941e-005 
24.500000 5.87e-005 
24.600000 5.804e-005 
24.700000 5.739e-005 
24.800000 5.673e-005 
24.900000 5.607e-005 
25.000000 5.527e-005 
25.100000 5.453e-005 
25.200000 5.39e-005 
25.300000 5.328e-005 
25.400000 5.275e-005 
25.500000 5.217e-005 
25.600000 5.165e-005 
25.700000 5.107e-005 
25.800000 5.052e-005 
25.900000 4.994e-005 
26.000000 4.937e-005 
26.100000 4.889e-005 
26.200000 4.84e-005 
26.300000 4.792e-005 
26.400000 4.75e-005 
26.500000 4.697e-005 
26.600000 4.651e-005 
26.700000 4.589e-005 
26.800000 4.53e-005 
26.900000 4.475e-005 
27.000000 4.429e-005 
27.100000 4.384e-005 
27.200000 4.332e-005 
27.300000 4.287e-005 
27.400000 4.243e-005 
27.500000 4.209e-005 
27.600000 4.157e-005 
27.700000 4.118e-005 
27.800000 4.072e-005 
27.900000 4.037e-005 
28.000000 3.992e-005 
28.100000 3.957e-005 
28.200000 3.918e-005 
28.300000 3.873e-005 
28.400000 3.831e-005 
28.500000 3.793e-005 
28.600000 3.764e-005 
28.700000 3.731e-005 
28.800000 3.684e-005 
28.900000 3.638e-005 
29.000000 3.608e-005 
29.100000 3.56e-005 
29.200000 3.531e-005 
29.300000 3.5e-005 
29.400000 3.473e-005 
29.500000 3.432e-005 
29.600000 3.397e-005 
29.700000 3.364e-005 
29.800000 3.323e-005 
29.900000 3.298e-005 
30.000000 3.261e-005 
30.100000 3.223e-005 
30.200000 3.192e-005 
30.300000 3.153e-005 
30.400000 3.124e-005 
30.500000 3.097e-005 
30.600000 3.061e-005 
30.700000 3.036e-005 
30.800000 2.998e-005 
30.900000 2.97e-005 
31.000000 2.946e-005 
31.100000 2.918e-005 
31.200000 2.889e-005 
31.300000 2.859e-005 
31.400000 2.839e-005 
31.500000 2.809e-005 
31.600000 2.781e-005 
31.700000 2.758e-005 
31.800000 2.722e-005 
31.900000 2.695e-005 
32.000000 2.671e-005 
32.100000 2.645e-005 
32.200000 2.622e-005 
32.300000 2.601e-005 
32.400000 2.574e-005 
32.500000 2.546e-005 
32.600000 2.528e-005 
32.700000 2.502e-005 
32.800000 2.485e-005 
32.900000 2.456e-005 
33.000000 2.435e-005 
33.100000 2.411e-005 
33.200000 2.389e-005 
33.300000 2.369e-005 
33.400000 2.34e-005 
33.500000 2.321e-005 
33.600000 2.307e-005 
33.700000 2.277e-005 
33.800000 2.253e-005 
33.900000 2.226e-005 
34.000000 2.205e-005 
34.100000 2.187e-005 
34.200000 2.157e-005 
34.300000 2.147e-005 
34.400000 2.126e-005 
34.500000 2.105e-005 
34.600000 2.088e-005 
34.700000 2.073e-005 
34.800000 2.056e-005 
34.900000 2.037e-005 
35.000000 2.02e-005 
35.100000 2.005e-005 
35.200000 1.992e-005 
35.300000 1.979e-005 
35.400000 1.969e-005 
35.500000 1.95e-005 
35.600000 1.933e-005 
35.700000 1.913e-005 
35.800000 1.898e-005 
35.900000 1.884e-005 
36.000000 1.87e-005 
36.100000 1.858e-005 
36.200000 1.847e-005 
36.300000 1.833e-005 
36.400000 1.812e-005 
36.500000 1.799e-005 
36.600000 1.782e-005 
36.700000 1.769e-005 
36.800000 1.754e-005 
36.900000 1.739e-005 
37.000000 1.729e-005 
37.100000 1.707e-005 
37.200000 1.691e-005 
37.300000 1.681e-005 
37.400000 1.664e-005 
37.500000 1.655e-005 
37.600000 1.641e-005 
37.700000 1.628e-005 
37.800000 1.617e-005 
37.900000 1.609e-005 
38.000000 1.593e-005 
38.100000 1.579e-005 
38.200000 1.564e-005 
38.300000 1.554e-005 
38.400000 1.532e-005 
38.500000 1.52e-005 
38.600000 1.509e-005 
38.700000 1.495e-005 
38.800000 1.486e-005 
38.900000 1.472e-005 
39.000000 1.46e-005 
39.100000 1.452e-005 
39.200000 1.437e-005 
39.300000 1.43e-005 
39.400000 1.423e-005 
39.500000 1.412e-005 
39.600000 1.401e-005 
39.700000 1.392e-005 
39.800000 1.381e-005 
39.900000 1.371e-005 
40.000000 1.364e-005 
40.100000 1.356e-005 
40.200000 1.346e-005 
40.300000 1.335e-005 
40.400000 1.327e-005 
40.500000 1.323e-005 
40.600000 1.316e-005 
40.700000 1.308e-005 
40.800000 1.299e-005 
40.900000 1.287e-005 
41.000000 1.276e-005 
41.100000 1.271e-005 
41.200000 1.256e-005 
41.300000 1.25e-005 
41.400000 1.237e-005 
41.500000 1.23e-005 
41.600000 1.217e-005 
41.700000 1.208e-005 
41.800000 1.2e-005 
41.900000 1.192e-005 
42.000000 1.185e-005 
42.100000 1.175e-005 
42.200000 1.17e-005 
42.300000 1.166e-005 
42.400000 1.155e-005 
42.500000 1.147e-005 
42.600000 1.136e-005 
42.700000 1.132e-005 
42.800000 1.129e-005 
42.900000 1.12e-005 
43.000000 1.112e-005 
43.100000 1.1e-005 
43.200000 1.096e-005 
43.300000 1.09e-005 
43.400000 1.082e-005 
43.500000 1.071e-005 
43.600000 1.069e-005 
43.700000 1.061e-005 
43.800000 1.058e-005 
43.900000 1.051e-005 
44.000000 1.04e-005 
44.100000 1.039e-005 
44.200000 1.028e-005 
44.300000 1.023e-005 
44.400000 1.016e-005 
44.500000 1.01e-005 
44.600000 1.004e-005 
44.700000 9.94e-006 
44.800000 9.88e-006 
44.900000 9.79e-006 
45.000000 9.72e-006 
45.100000 9.64e-006 
45.200000 9.56e-006 
45.300000 9.45e-006 
45.400000 9.42e-006 
45.500000 9.34e-006 
45.600000 9.26e-006 
45.700000 9.17e-006 
45.800000 9.12e-006 
45.900000 9.08e-006 
46.000000 8.99e-006 
46.100000 8.93e-006 
46.200000 8.88e-006 
46.300000 8.85e-006 
46.400000 8.78e-006 
46.500000 8.72e-006 
46.600000 8.66e-006 
46.700000 8.63e-006 
46.800000 8.6e-006 
46.900000 8.56e-006 
47.000000 8.53e-006 
47.100000 8.48e-006 
47.200000 8.42e-006 
47.300000 8.38e-006 
47.400000 8.3e-006 
47.500000 8.28e-006 
47.600000 8.23e-006 
47.700000 8.16e-006 
47.800000 8.12e-006 
47.900000 8.05e-006 
48.000000 8e-006 
48.100000 7.95e-006 
48.200000 7.94e-006 
48.300000 7.87e-006 
48.400000 7.84e-006 
48.500000 7.78e-006 
48.600000 7.74e-006 
48.700000 7.7e-006 
48.800000 7.67e-006 
48.900000 7.66e-006 
49.000000 7.62e-006 
49.100000 7.57e-006 
49.200000 7.52e-006 
49.300000 7.49e-006 
49.400000 7.39e-006 
49.500000 7.35e-006 
49.600000 7.33e-006 
49.700000 7.27e-006 
49.800000 7.2e-006 
49.900000 7.17e-006 
50.000000 7.12e-006 
50.100000 7.06e-006 
50.200000 6.99e-006 
50.300000 6.94e-006 
50.400000 6.92e-006 
50.500000 6.9e-006 
50.600000 6.85e-006 
50.700000 6.83e-006 
50.800000 6.81e-006 
50.900000 6.76e-006 
51.000000 6.73e-006 
51.100000 6.69e-006 
51.200000 6.65e-006 
51.300000 6.59e-006 
51.400000 6.56e-006 
51.500000 6.54e-006 
51.600000 6.51e-006 
51.700000 6.49e-006 
51.800000 6.47e-006 
51.900000 6.45e-006 
52.000000 6.43e-006 
52.100000 6.41e-006 
52.200000 6.4e-006 
52.300000 6.39e-006 
52.400000 6.36e-006 
52.500000 6.33e-006 
52.600000 6.28e-006 
52.700000 6.23e-006 
52.800000 6.19e-006 
52.900000 6.16e-006 
53.000000 6.12e-006 
53.100000 6.08e-006 
53.200000 6.05e-006 
53.300000 6.02e-006 
53.400000 5.98e-006 
53.500000 5.93e-006 
53.600000 5.91e-006 
53.700000 5.87e-006 
53.800000 5.82e-006 
53.900000 5.8e-006 
54.000000 5.78e-006 
54.100000 5.76e-006 
54.200000 5.74e-006 
54.300000 5.68e-006 
54.400000 5.65e-006 
54.500000 5.64e-006 
54.600000 5.61e-006 
54.700000 5.58e-006 
54.800000 5.54e-006 
54.900000 5.53e-006 
55.000000 5.51e-006 
55.100000 5.48e-006 
55.200000 5.48e-006 
55.300000 5.42e-006 
55.400000 5.39e-006 
55.500000 5.38e-006 
55.600000 5.35e-006 
55.700000 5.32e-006 
55.800000 5.29e-006 
55.900000 5.28e-006 
56.000000 5.24e-006 
56.100000 5.22e-006 
56.200000 5.19e-006 
56.300000 5.15e-006 
56.400000 5.14e-006 
56.500000 5.13e-006 
56.600000 5.13e-006 
56.700000 5.11e-006 
56.800000 5.09e-006 
56.900000 5.07e-006 
57.000000 5.02e-006 
57.100000 4.96e-006 
57.200000 4.93e-006 
57.300000 4.92e-006 
57.400000 4.87e-006 
57.500000 4.86e-006 
57.600000 4.85e-006 
57.700000 4.82e-006 
57.800000 4.78e-006 
57.900000 4.76e-006 
58.000000 4.67e-006 
58.100000 4.65e-006 
58.200000 4.62e-006 
58.300000 4.59e-006 
58.400000 4.58e-006 
58.500000 4.57e-006 
58.600000 4.54e-006 
58.700000 4.49e-006 
58.800000 4.45e-006 
58.900000 4.42e-006 
59.000000 4.41e-006 
59.100000 4.35e-006 
59.200000 4.3e-006 
59.300000 4.26e-006 
59.400000 4.25e-006 
59.500000 4.24e-006 
59.600000 4.21e-006 
59.700000 4.17e-006 
59.800000 4.12e-006 
59.900000 4.1e-006 
60.000000 4.08e-006 
60.100000 4.05e-006 
60.200000 4.05e-006 
60.300000 4e-006 
60.400000 4e-006 
60.500000 3.97e-006 
60.600000 3.97e-006 
60.700000 3.96e-006 
60.800000 3.92e-006 
60.900000 3.89e-006 
61.000000 3.89e-006 
61.100000 3.89e-006 
61.200000 3.87e-006 
61.300000 3.86e-006 
61.400000 3.85e-006 
61.500000 3.84e-006 
61.600000 3.81e-006 
61.700000 3.77e-006 
61.800000 3.76e-006 
61.900000 3.74e-006 
62.000000 3.72e-006 
62.100000 3.7e-006 
62.200000 3.67e-006 
62.300000 3.66e-006 
62.400000 3.64e-006 
62.500000 3.64e-006 
62.600000 3.62e-006 
62.700000 3.58e-006 
62.800000 3.57e-006 
62.900000 3.56e-006 
63.000000 3.54e-006 
63.100000 3.5e-006 
63.200000 3.49e-006 
63.300000 3.47e-006 
63.400000 3.44e-006 
63.500000 3.44e-006 
63.600000 3.41e-006 
63.700000 3.38e-006 
63.800000 3.38e-006 
63.900000 3.36e-006 
64.000000 3.36e-006 
64.100000 3.35e-006 
64.200000 3.34e-006 
64.300000 3.33e-006 
64.400000 3.31e-006 
64.500000 3.29e-006 
64.600000 3.26e-006 
64.700000 3.22e-006 
64.800000 3.21e-006 
64.900000 3.21e-006 
65.000000 3.17e-006 
65.100000 3.15e-006 
65.200000 3.1e-006 
65.300000 3.09e-006 
65.400000 3.07e-006 
65.500000 3.04e-006 
65.600000 3.03e-006 
65.700000 3e-006 
65.800000 2.99e-006 
65.900000 2.98e-006 
66.000000 2.98e-006 
66.100000 2.97e-006 
66.200000 2.97e-006 
66.300000 2.95e-006 
66.400000 2.94e-006 
66.500000 2.93e-006 
66.600000 2.92e-006 
66.700000 2.9e-006 
66.800000 2.9e-006 
66.900000 2.84e-006 
67.000000 2.82e-006 
67.100000 2.82e-006 
67.200000 2.79e-006 
67.300000 2.75e-006 
67.400000 2.75e-006 
67.500000 2.74e-006 
67.600000 2.71e-006 
67.700000 2.69e-006 
67.800000 2.68e-006 
67.900000 2.64e-006 
68.000000 2.64e-006 
68.100000 2.64e-006 
68.200000 2.64e-006 
68.300000 2.63e-006 
68.400000 2.63e-006 
68.500000 2.6e-006 
68.600000 2.6e-006 
68.700000 2.6e-006 
68.800000 2.6e-006 
68.900000 2.58e-006 
69.000000 2.57e-006 
69.100000 2.56e-006 
69.200000 2.55e-006 
69.300000 2.54e-006 
69.400000 2.52e-006 
69.500000 2.52e-006 
69.600000 2.5e-006 
69.700000 2.48e-006 
69.800000 2.48e-006 
69.900000 2.47e-006 
70.000000 2.47e-006 
70.100000 2.47e-006 
70.200000 2.46e-006 
70.300000 2.45e-006 
70.400000 2.44e-006 
70.500000 2.42e-006 
70.600000 2.4e-006 
70.700000 2.4e-006 
70.800000 2.39e-006 
70.900000 2.39e-006 
71.000000 2.36e-006 
71.100000 2.35e-006 
71.200000 2.34e-006 
71.300000 2.31e-006 
71.400000 2.31e-006 
71.500000 2.31e-006 
71.600000 2.29e-006 
71.700000 2.29e-006 
71.800000 2.29e-006 
71.900000 2.29e-006 
72.000000 2.29e-006 
72.100000 2.26e-006 
72.200000 2.25e-006 
72.300000 2.24e-006 
72.400000 2.24e-006 
72.500000 2.24e-006 
72.600000 2.23e-006 
72.700000 2.22e-006 
72.800000 2.19e-006 
72.900000 2.18e-006 
73.000000 2.16e-006 
73.100000 2.16e-006 
73.200000 2.16e-006 
73.300000 2.15e-006 
73.400000 2.15e-006 
73.500000 2.15e-006 
73.600000 2.15e-006 
73.700000 2.14e-006 
73.800000 2.13e-006 
73.900000 2.13e-006 
74.000000 2.12e-006 
74.100000 2.1e-006 
74.200000 2.08e-006 
74.300000 2.08e-006 
74.400000 2.06e-006 
74.500000 2.05e-006 
74.600000 2.04e-006 
74.700000 2.04e-006 
74.800000 2.04e-006 
74.900000 2.04e-006 
75.000000 2.04e-006 
75.100000 2.03e-006 
75.200000 2.03e-006 
75.300000 2.03e-006 
75.400000 2.02e-006 
75.500000 2.01e-006 
75.600000 2e-006 
75.700000 1.99e-006 
75.800000 1.96e-006 
75.900000 1.96e-006 
76.000000 1.95e-006 
76.100000 1.93e-006 
76.200000 1.92e-006 
76.300000 1.92e-006 
76.400000 1.9e-006 
76.500000 1.89e-006 
76.600000 1.87e-006 
76.700000 1.87e-006 
76.800000 1.87e-006 
76.900000 1.86e-006 
77.000000 1.84e-006 
77.100000 1.83e-006 
77.200000 1.83e-006 
77.300000 1.83e-006 
77.400000 1.83e-006 
77.500000 1.82e-006 
77.600000 1.82e-006 
77.700000 1.82e-006 
77.800000 1.8e-006 
77.900000 1.79e-006 
78.000000 1.78e-006 
78.100000 1.77e-006 
78.200000 1.77e-006 
78.300000 1.77e-006 
78.400000 1.76e-006 
78.500000 1.76e-006 
78.600000 1.76e-006 
78.700000 1.75e-006 
78.800000 1.74e-006 
78.900000 1.74e-006 
79.000000 1.73e-006 
79.100000 1.72e-006 
79.200000 1.72e-006 
79.300000 1.72e-006 
79.400000 1.69e-006 
79.500000 1.69e-006 
79.600000 1.69e-006 
79.700000 1.66e-006 
79.800000 1.66e-006 
79.900000 1.66e-006 
80.000000 1.66e-006 
80.100000 1.66e-006 
80.200000 1.65e-006 
80.300000 1.64e-006 
80.400000 1.61e-006 
80.500000 1.59e-006 
80.600000 1.58e-006 
80.700000 1.58e-006 
80.800000 1.56e-006 
80.900000 1.54e-006 
81.000000 1.53e-006 
81.100000 1.53e-006 
81.200000 1.53e-006 
81.300000 1.53e-006 
81.400000 1.53e-006 
81.500000 1.53e-006 
81.600000 1.53e-006 
81.700000 1.53e-006 
81.800000 1.53e-006 
81.900000 1.53e-006 
82.000000 1.53e-006 
82.100000 1.53e-006 
82.200000 1.53e-006 
82.300000 1.53e-006 
82.400000 1.52e-006 
82.500000 1.52e-006 
82.600000 1.52e-006 
82.700000 1.52e-006 
82.800000 1.52e-006 
82.900000 1.51e-006 
83.000000 1.51e-006 
83.100000 1.5e-006 
83.200000 1.5e-006 
83.300000 1.5e-006 
83.400000 1.49e-006 
83.500000 1.47e-006 
83.600000 1.47e-006 
83.700000 1.46e-006 
83.800000 1.45e-006 
83.900000 1.45e-006 
84.000000 1.45e-006 
84.100000 1.44e-006 
84.200000 1.42e-006 
84.300000 1.42e-006 
84.400000 1.42e-006 
84.500000 1.42e-006 
84.600000 1.41e-006 
84.700000 1.41e-006 
84.800000 1.4e-006 
84.900000 1.4e-006 
85.000000 1.4e-006 
85.100000 1.4e-006 
85.200000 1.39e-006 
85.300000 1.39e-006 
85.400000 1.39e-006 
85.500000 1.39e-006 
85.600000 1.39e-006 
85.700000 1.39e-006 
85.800000 1.39e-006 
85.900000 1.39e-006 
86.000000 1.38e-006 
86.100000 1.38e-006 
86.200000 1.37e-006 
86.300000 1.36e-006 
86.400000 1.36e-006 
86.500000 1.36e-006 
86.600000 1.36e-006 
86.700000 1.35e-006 
86.800000 1.35e-006 
86.900000 1.35e-006 
87.000000 1.34e-006 
87.100000 1.34e-006 
87.200000 1.34e-006 
87.300000 1.34e-006 
87.400000 1.34e-006 
87.500000 1.32e-006 
87.600000 1.32e-006 
87.700000 1.32e-006 
87.800000 1.31e-006 
87.900000 1.3e-006 
88.000000 1.3e-006 
88.100000 1.29e-006 
88.200000 1.29e-006 
88.300000 1.29e-006 
88.400000 1.29e-006 
88.500000 1.29e-006 
88.600000 1.28e-006 
88.700000 1.28e-006 
88.800000 1.27e-006 
88.900000 1.25e-006 
89.000000 1.25e-006 
89.100000 1.25e-006 
89.200000 1.25e-006 
89.300000 1.24e-006 
89.400000 1.24e-006 
89.500000 1.24e-006 
89.600000 1.23e-006 
89.700000 1.22e-006 
89.800000 1.22e-006 
89.900000 1.21e-006 
90.000000 1.21e-006 
90.100000 1.2e-006 
90.200000 1.19e-006 
90.300000 1.19e-006 
90.400000 1.19e-006 
90.500000 1.19e-006 
90.600000 1.19e-006 
90.700000 1.17e-006 
90.800000 1.17e-006 
90.900000 1.16e-006 
91.000000 1.16e-006 
91.100000 1.16e-006 
91.200000 1.16e-006 
91.300000 1.15e-006 
91.400000 1.15e-006 
91.500000 1.15e-006 
91.600000 1.14e-006 
91.700000 1.14e-006 
91.800000 1.14e-006 
91.900000 1.14e-006 
92.000000 1.13e-006 
92.100000 1.12e-006 
92.200000 1.11e-006 
92.300000 1.11e-006 
92.400000 1.1e-006 
92.500000 1.1e-006 
92.600000 1.1e-006 
92.700000 1.09e-006 
92.800000 1.09e-006 
92.900000 1.09e-006 
93.000000 1.09e-006 
93.100000 1.09e-006 
93.200000 1.08e-006 
93.300000 1.08e-006 
93.400000 1.08e-006 
93.500000 1.07e-006 
93.600000 1.06e-006 
93.700000 1.05e-006 
93.800000 1.05e-006 
93.900000 1.03e-006 
94.000000 1.03e-006 
94.100000 1.03e-006 
94.200000 1.03e-006 
94.300000 1.03e-006 
94.400000 1.02e-006 
94.500000 1.02e-006 
94.600000 1.02e-006 
94.700000 1.02e-006 
94.800000 1.02e-006 
94.900000 1.02e-006 
95.000000 1.02e-006 
95.100000 1.01e-006 
95.200000 1.01e-006 
95.300000 1.01e-006 
95.400000 1.01e-006 
95.500000 1.01e-006 
95.600000 1e-006 
95.700000 1e-006 
95.800000 1e-006 
95.900000 1e-006 
96.000000 9.9e-007 
96.100000 9.9e-007 
96.200000 9.9e-007 
96.300000 9.9e-007 
96.400000 9.8e-007 
96.500000 9.8e-007 
96.600000 9.8e-007 
96.700000 9.8e-007 
96.800000 9.8e-007 
96.900000 9.7e-007 
97.000000 9.7e-007 
97.100000 9.7e-007 
97.200000 9.7e-007 
97.300000 9.7e-007 
97.400000 9.7e-007 
97.500000 9.7e-007 
97.600000 9.6e-007 
97.700000 9.5e-007 
97.800000 9.5e-007 
97.900000 9.5e-007 
98.000000 9.4e-007 
98.100000 9.4e-007 
98.200000 9.4e-007 
98.300000 9.4e-007 
98.400000 9.4e-007 
98.500000 9.4e-007 
98.600000 9.3e-007 
98.700000 9.2e-007 
98.800000 9.1e-007 
98.900000 9.1e-007 
99.000000 9.1e-007 
99.100000 9.1e-007 
99.200000 9.1e-007 
99.300000 9.1e-007 
99.400000 9.1e-007 
99.500000 9e-007 
99.600000 8.9e-007 
99.700000 8.9e-007 
99.800000 8.9e-007 
99.900000 8.9e-007 
100.000000 8.9e-007 
100.100000 8.9e-007 
100.200000 8.9e-007 
100.300000 8.7e-007 
100.400000 8.7e-007 
100.500000 8.7e-007 
100.600000 8.7e-007 
100.700000 8.7e-007 
100.800000 8.6e-007 
100.900000 8.5e-007 
101.000000 8.5e-007 
101.100000 8.3e-007 
101.200000 8.3e-007 
101.300000 8.2e-007 
101.400000 8.2e-007 
101.500000 8.2e-007 
101.600000 8.2e-007 
101.700000 8.2e-007 
101.800000 8.2e-007 
101.900000 8.2e-007 
102.000000 8.2e-007 
102.100000 8.2e-007 
102.200000 8.2e-007 
102.300000 8.2e-007 
102.400000 8.2e-007 
102.500000 8.2e-007 
102.600000 8.2e-007 
102.700000 8.2e-007 
102.800000 8.1e-007 
102.900000 8.1e-007 
103.000000 8.1e-007 
103.100000 8.1e-007 
103.200000 8.1e-007 
103.300000 8.1e-007 
103.400000 8.1e-007 
103.500000 8.1e-007 
103.600000 8.1e-007 
103.700000 8.1e-007 
103.800000 8.1e-007 
103.900000 8e-007 
104.000000 8e-007 
104.100000 8e-007 
104.200000 7.9e-007 
104.300000 7.8e-007 
104.400000 7.7e-007 
104.500000 7.7e-007 
104.600000 7.7e-007 
104.700000 7.7e-007 
104.800000 7.7e-007 
104.900000 7.7e-007 
105.000000 7.5e-007 
105.100000 7.4e-007 
105.200000 7.4e-007 
105.300000 7.4e-007 
105.400000 7.4e-007 
105.500000 7.4e-007 
105.600000 7.4e-007 
105.700000 7.4e-007 
105.800000 7.4e-007 
105.900000 7.4e-007 
106.000000 7.3e-007 
106.100000 7.3e-007 
106.200000 7.3e-007 
106.300000 7.3e-007 
106.400000 7.3e-007 
106.500000 7.3e-007 
106.600000 7.2e-007 
106.700000 7.2e-007 
106.800000 7.2e-007 
106.900000 7.2e-007 
107.000000 7.2e-007 
107.100000 7.2e-007 
107.200000 7.1e-007 
107.300000 7.1e-007 
107.400000 7.1e-007 
107.500000 7.1e-007 
107.600000 7.1e-007 
107.700000 7.1e-007 
107.800000 7.1e-007 
107.900000 7.1e-007 
108.000000 7.1e-007 
108.100000 7.1e-007 
108.200000 7e-007 
108.300000 7e-007 
108.400000 7e-007 
108.500000 7e-007 
108.600000 7e-007 
108.700000 7e-007 
108.800000 7e-007 
108.900000 7e-007 
109.000000 7e-007 
109.100000 7e-007 
109.200000 7e-007 
109.300000 6.9e-007 
109.400000 6.9e-007 
109.500000 6.9e-007 
109.600000 6.9e-007 
109.700000 6.9e-007 
109.800000 6.9e-007 
109.900000 6.8e-007 
110.000000 6.8e-007 
110.100000 6.8e-007 
110.200000 6.8e-007 
110.300000 6.8e-007 
110.400000 6.8e-007 
110.500000 6.7e-007 
110.600000 6.7e-007 
110.700000 6.7e-007 
110.800000 6.7e-007 
110.900000 6.6e-007 
111.000000 6.6e-007 
111.100000 6.6e-007 
111.200000 6.5e-007 
111.300000 6.4e-007 
111.400000 6.4e-007 
111.500000 6.3e-007 
111.600000 6.3e-007 
111.700000 6.3e-007 
111.800000 6.3e-007 
111.900000 6.2e-007 
112.000000 6.1e-007 
112.100000 6.1e-007 
112.200000 6.1e-007 
112.300000 6.1e-007 
112.400000 6.1e-007 
112.500000 6.1e-007 
112.600000 6.1e-007 
112.700000 6e-007 
112.800000 6e-007 
112.900000 6e-007 
113.000000 6e-007 
113.100000 6e-007 
113.200000 6e-007 
113.300000 6e-007 
113.400000 6e-007 
113.500000 6e-007 
113.600000 6e-007 
113.700000 6e-007 
113.800000 6e-007 
113.900000 6e-007 
114.000000 6e-007 
114.100000 6e-007 
114.200000 5.9e-007 
114.300000 5.9e-007 
114.400000 5.9e-007 
114.500000 5.9e-007 
114.600000 5.9e-007 
114.700000 5.9e-007 
114.800000 5.9e-007 
114.900000 5.9e-007 
115.000000 5.8e-007 
115.100000 5.8e-007 
115.200000 5.7e-007 
115.300000 5.7e-007 
115.400000 5.7e-007 
115.500000 5.7e-007 
115.600000 5.7e-007 
115.700000 5.7e-007 
115.800000 5.7e-007 
115.900000 5.7e-007 
116.000000 5.7e-007 
116.100000 5.7e-007 
116.200000 5.6e-007 
116.300000 5.5e-007 
116.400000 5.5e-007 
116.500000 5.5e-007 
116.600000 5.5e-007 
116.700000 5.4e-007 
116.800000 5.4e-007 
116.900000 5.4e-007 
117.000000 5.4e-007 
117.100000 5.3e-007 
117.200000 5.2e-007 
117.300000 5.2e-007 
117.400000 5.2e-007 
117.500000 5.2e-007 
117.600000 5.2e-007 
117.700000 5.2e-007 
117.800000 5.2e-007 
117.900000 5.1e-007 
118.000000 5.1e-007 
118.100000 4.9e-007 
118.200000 4.9e-007 
118.300000 4.9e-007 
118.400000 4.9e-007 
118.500000 4.9e-007 
118.600000 4.9e-007 
118.700000 4.9e-007 
118.800000 4.9e-007 
118.900000 4.9e-007 
119.000000 4.9e-007 
119.100000 4.8e-007 
119.200000 4.8e-007 
119.300000 4.8e-007 
119.400000 4.7e-007 
119.500000 4.7e-007 
119.600000 4.7e-007 
119.700000 4.7e-007 
119.800000 4.6e-007 
119.900000 4.5e-007 
120.000000 4.5e-007 
120.100000 4.4e-007 
120.200000 4.4e-007 
120.300000 4.4e-007 
120.400000 4.3e-007 
120.500000 4.2e-007 
120.600000 4.2e-007 
120.700000 4.2e-007 
120.800000 4.2e-007 
120.900000 4.2e-007 
121.000000 4.2e-007 
121.100000 4.2e-007 
121.200000 4.2e-007 
121.300000 4.2e-007 
121.400000 4.2e-007 
121.500000 4.2e-007 
121.600000 4.2e-007 
121.700000 4.2e-007 
121.800000 4.1e-007 
121.900000 4.1e-007 
122.000000 4.1e-007 
122.100000 4.1e-007 
122.200000 4.1e-007 
122.300000 4.1e-007 
122.400000 4.1e-007 
122.500000 4.1e-007 
122.600000 4.1e-007 
122.700000 4.1e-007 
122.800000 4e-007 
122.900000 4e-007 
123.000000 4e-007 
123.100000 4e-007 
123.200000 4e-007 
123.300000 4e-007 
123.400000 3.9e-007 
123.500000 3.9e-007 
123.600000 3.9e-007 
123.700000 3.9e-007 
123.800000 3.9e-007 
123.900000 3.9e-007 
124.000000 3.9e-007 
124.100000 3.9e-007 
124.200000 3.8e-007 
124.300000 3.8e-007 
124.400000 3.8e-007 
124.500000 3.8e-007 
124.600000 3.8e-007 
124.700000 3.8e-007 
124.800000 3.8e-007 
124.900000 3.8e-007 
125.000000 3.8e-007 
125.100000 3.7e-007 
125.200000 3.7e-007 
125.300000 3.6e-007 
125.400000 3.6e-007 
125.500000 3.5e-007 
125.600000 3.4e-007 
125.700000 3.4e-007 
125.800000 3.4e-007 
125.900000 3.4e-007 
126.000000 3.3e-007 
126.100000 3.3e-007 
126.200000 3.3e-007 
126.300000 3.3e-007 
126.400000 3.3e-007 
126.500000 3.3e-007 
126.600000 3.3e-007 
126.700000 3.3e-007 
126.800000 3.3e-007 
126.900000 3.3e-007 
127.000000 3.3e-007 
127.100000 3.3e-007 
127.200000 3.3e-007 
127.300000 3.3e-007 
127.400000 3.3e-007 
127.500000 3.3e-007 
127.600000 3.3e-007 
127.700000 3.3e-007 
127.800000 3.3e-007 
127.900000 3.3e-007 
128.000000 3.3e-007 
128.100000 3.3e-007 
128.200000 3.3e-007 
128.300000 3.3e-007 
128.400000 3.3e-007 
128.500000 3.3e-007 
128.600000 3.3e-007 
128.700000 3.3e-007 
128.800000 3.3e-007 
128.900000 3.3e-007 
129.000000 3.3e-007 
129.100000 3.3e-007 
129.200000 3.3e-007 
129.300000 3.3e-007 
129.400000 3.3e-007 
129.500000 3.3e-007 
129.600000 3.3e-007 
129.700000 3.3e-007 
129.800000 3.2e-007 
129.900000 3.2e-007 
130.000000 3.2e-007 
130.100000 3.2e-007 
130.200000 3.1e-007 
130.300000 3.1e-007 
130.400000 3.1e-007 
130.500000 3.1e-007 
130.600000 3.1e-007 
130.700000 3.1e-007 
130.800000 3.1e-007 
130.900000 3.1e-007 
131.000000 3.1e-007 
131.100000 3.1e-007 
131.200000 3.1e-007 
131.300000 3.1e-007 
131.400000 3.1e-007 
131.500000 3.1e-007 
131.600000 3.1e-007 
131.700000 3.1e-007 
131.800000 3.1e-007 
131.900000 3.1e-007 
132.000000 3.1e-007 
132.100000 3.1e-007 
132.200000 3.1e-007 
132.300000 3.1e-007 
132.400000 3.1e-007 
132.500000 3.1e-007 
132.600000 3.1e-007 
132.700000 3.1e-007 
132.800000 3.1e-007 
132.900000 3.1e-007 
133.000000 3.1e-007 
133.100000 3.1e-007 
133.200000 3.1e-007 
133.300000 3.1e-007 
133.400000 3.1e-007 
133.500000 3.1e-007 
133.600000 3.1e-007 
133.700000 3.1e-007 
133.800000 3e-007 
133.900000 3e-007 
134.000000 3e-007 
134.100000 3e-007 
134.200000 2.9e-007 
134.300000 2.9e-007 
134.400000 2.9e-007 
134.500000 2.9e-007 
134.600000 2.9e-007 
134.700000 2.9e-007 
134.800000 2.9e-007 
134.900000 2.9e-007 
135.000000 2.9e-007 
135.100000 2.9e-007 
135.200000 2.9e-007 
135.300000 2.9e-007 
135.400000 2.9e-007 
135.500000 2.9e-007 
135.600000 2.9e-007 
135.700000 2.9e-007 
135.800000 2.9e-007 
135.900000 2.9e-007 
136.000000 2.9e-007 
136.100000 2.9e-007 
136.200000 2.9e-007 
136.300000 2.9e-007 
136.400000 2.9e-007 
136.500000 2.9e-007 
136.600000 2.9e-007 
136.700000 2.9e-007 
136.800000 2.9e-007 
136.900000 2.9e-007 
137.000000 2.9e-007 
137.100000 2.8e-007 
137.200000 2.8e-007 
137.300000 2.8e-007 
137.400000 2.8e-007 
137.500000 2.8e-007 
137.600000 2.8e-007 
137.700000 2.8e-007 
137.800000 2.8e-007 
137.900000 2.8e-007 
138.000000 2.8e-007 
138.100000 2.8e-007 
138.200000 2.8e-007 
138.300000 2.8e-007 
138.400000 2.8e-007 
138.500000 2.8e-007 
138.600000 2.7e-007 
138.700000 2.7e-007 
138.800000 2.7e-007 
138.900000 2.7e-007 
139.000000 2.7e-007 
139.100000 2.7e-007 
139.200000 2.7e-007 
139.300000 2.7e-007 
139.400000 2.7e-007 
139.500000 2.7e-007 
139.600000 2.7e-007 
139.700000 2.7e-007 
139.800000 2.7e-007 
139.900000 2.7e-007 
140.000000 2.7e-007 
140.100000 2.7e-007 
140.200000 2.7e-007 
140.300000 2.7e-007 
140.400000 2.7e-007 
140.500000 2.7e-007 
140.600000 2.7e-007 
140.700000 2.7e-007 
140.800000 2.7e-007 
140.900000 2.7e-007 
141.000000 2.7e-007 
141.100000 2.7e-007 
141.200000 2.7e-007 
141.300000 2.7e-007 
141.400000 2.7e-007 
141.500000 2.7e-007 
141.600000 2.7e-007 
141.700000 2.7e-007 
141.800000 2.7e-007 
141.900000 2.7e-007 
142.000000 2.7e-007 
142.100000 2.7e-007 
142.200000 2.7e-007 
142.300000 2.7e-007 
142.400000 2.7e-007 
142.500000 2.7e-007 
142.600000 2.7e-007 
142.700000 2.7e-007 
142.800000 2.7e-007 
142.900000 2.7e-007 
143.000000 2.7e-007 
143.100000 2.7e-007 
143.200000 2.7e-007 
143.300000 2.7e-007 
143.400000 2.7e-007 
143.500000 2.7e-007 
143.600000 2.7e-007 
143.700000 2.7e-007 
143.800000 2.7e-007 
143.900000 2.7e-007 
144.000000 2.7e-007 
144.100000 2.7e-007 
144.200000 2.7e-007 
144.300000 2.7e-007 
144.400000 2.7e-007 
144.500000 2.7e-007 
144.600000 2.7e-007 
144.700000 2.7e-007 
144.800000 2.7e-007 
144.900000 2.7e-007 
145.000000 2.7e-007 
145.100000 2.6e-007 
145.200000 2.6e-007 
145.300000 2.6e-007 
145.400000 2.6e-007 
145.500000 2.6e-007 
145.600000 2.6e-007 
145.700000 2.6e-007 
145.800000 2.6e-007 
145.900000 2.6e-007 
146.000000 2.6e-007 
146.100000 2.6e-007 
146.200000 2.5e-007 
146.300000 2.5e-007 
146.400000 2.5e-007 
146.500000 2.5e-007 
146.600000 2.5e-007 
146.700000 2.5e-007 
146.800000 2.4e-007 
146.900000 2.4e-007 
147.000000 2.4e-007 
147.100000 2.4e-007 
147.200000 2.4e-007 
147.300000 2.4e-007 
147.400000 2.3e-007 
147.500000 2.3e-007 
147.600000 2.3e-007 
147.700000 2.3e-007 
147.800000 2.2e-007 
147.900000 2.1e-007 
148.000000 2.1e-007 
148.100000 2.1e-007 
148.200000 2.1e-007 
148.300000 2.1e-007 
148.400000 2.1e-007 
148.500000 2.1e-007 
148.600000 2.1e-007 
148.700000 2.1e-007 
148.800000 2.1e-007 
148.900000 2.1e-007 
149.000000 2.1e-007 
149.100000 2.1e-007 
149.200000 2.1e-007 
149.300000 2.1e-007 
149.400000 2.1e-007 
149.500000 2.1e-007 
149.600000 2.1e-007 
149.700000 2.1e-007 
149.800000 2.1e-007 
149.900000 2.1e-007 
150.000000 2.1e-007 
150.100000 2.1e-007 
150.200000 2.1e-007 
150.300000 2.1e-007 
150.400000 2.1e-007 
150.500000 2.1e-007 
150.600000 2.1e-007 
150.700000 2.1e-007 
150.800000 2.1e-007 
150.900000 2.1e-007 
151.000000 2.1e-007 
151.100000 2.1e-007 
151.200000 2.1e-007 
151.300000 2.1e-007 
151.400000 2.1e-007 
151.500000 2.1e-007 
151.600000 2.1e-007 
151.700000 2.1e-007 
151.800000 2.1e-007 
151.900000 2.1e-007 
152.000000 2.1e-007 
152.100000 2.1e-007 
152.200000 2.1e-007 
152.300000 2.1e-007 
152.400000 2.1e-007 
152.500000 2.1e-007 
152.600000 2.1e-007 
152.700000 2.1e-007 
152.800000 2.1e-007 
152.900000 2.1e-007 
153.000000 2.1e-007 
153.100000 2.1e-007 
153.200000 2.1e-007 
153.300000 2.1e-007 
153.400000 2.1e-007 
153.500000 2.1e-007 
153.600000 2.1e-007 
153.700000 2.1e-007 
153.800000 2.1e-007 
153.900000 2e-007 
154.000000 2e-007 
154.100000 2e-007 
154.200000 2e-007 
154.300000 2e-007 
154.400000 2e-007 
154.500000 2e-007 
154.600000 2e-007 
154.700000 2e-007 
154.800000 2e-007 
154.900000 2e-007 
155.000000 2e-007 
155.100000 2e-007 
155.200000 2e-007 
155.300000 1.9e-007 
155.400000 1.9e-007 
155.500000 1.9e-007 
155.600000 1.9e-007 
155.700000 1.9e-007 
155.800000 1.9e-007 
155.900000 1.9e-007 
156.000000 1.9e-007 
156.100000 1.9e-007 
156.200000 1.9e-007 
156.300000 1.9e-007 
156.400000 1.9e-007 
156.500000 1.9e-007 
156.600000 1.9e-007 
156.700000 1.9e-007 
156.800000 1.9e-007 
156.900000 1.9e-007 
157.000000 1.9e-007 
157.100000 1.9e-007 
157.200000 1.9e-007 
157.300000 1.9e-007 
157.400000 1.9e-007 
157.500000 1.9e-007 
157.600000 1.9e-007 
157.700000 1.9e-007 
157.800000 1.9e-007 
157.900000 1.9e-007 
158.000000 1.9e-007 
158.100000 1.9e-007 
158.200000 1.9e-007 
158.300000 1.9e-007 
158.400000 1.9e-007 
158.500000 1.9e-007 
158.600000 1.9e-007 
158.700000 1.9e-007 
158.800000 1.9e-007 
158.900000 1.8e-007 
159.000000 1.8e-007 
159.100000 1.8e-007 
159.200000 1.8e-007 
159.300000 1.8e-007 
159.400000 1.8e-007 
159.500000 1.8e-007 
159.600000 1.8e-007 
159.700000 1.8e-007 
159.800000 1.8e-007 
159.900000 1.8e-007 
160.000000 1.8e-007 
160.100000 1.8e-007 
160.200000 1.8e-007 
160.300000 1.7e-007 
160.400000 1.7e-007 
160.500000 1.7e-007 
160.600000 1.7e-007 
160.700000 1.7e-007 
160.800000 1.7e-007 
160.900000 1.7e-007 
161.000000 1.7e-007 
161.100000 1.7e-007 
161.200000 1.7e-007 
161.300000 1.7e-007 
161.400000 1.7e-007 
161.500000 1.7e-007 
161.600000 1.7e-007 
161.700000 1.7e-007 
161.800000 1.7e-007 
161.900000 1.7e-007 
162.000000 1.7e-007 
162.100000 1.7e-007 
162.200000 1.7e-007 
162.300000 1.7e-007 
162.400000 1.7e-007 
162.500000 1.7e-007 
162.600000 1.7e-007 
162.700000 1.7e-007 
162.800000 1.7e-007 
162.900000 1.7e-007 
163.000000 1.7e-007 
163.100000 1.7e-007 
163.200000 1.7e-007 
163.300000 1.7e-007 
163.400000 1.7e-007 
163.500000 1.7e-007 
163.600000 1.7e-007 
163.700000 1.7e-007 
163.800000 1.7e-007 
163.900000 1.7e-007 
164.000000 1.7e-007 
164.100000 1.7e-007 
164.200000 1.6e-007 
164.300000 1.6e-007 
164.400000 1.6e-007 
164.500000 1.6e-007 
164.600000 1.6e-007 
164.700000 1.6e-007 
164.800000 1.6e-007 
164.900000 1.6e-007 
165.000000 1.6e-007 
165.100000 1.6e-007 
165.200000 1.6e-007 
165.300000 1.6e-007 
165.400000 1.6e-007 
165.500000 1.6e-007 
165.600000 1.6e-007 
165.700000 1.6e-007 
165.800000 1.6e-007 
165.900000 1.6e-007 
166.000000 1.6e-007 
166.100000 1.5e-007 
166.200000 1.5e-007 
166.300000 1.5e-007 
166.400000 1.5e-007 
166.500000 1.5e-007 
166.600000 1.5e-007 
166.700000 1.5e-007 
166.800000 1.5e-007 
166.900000 1.5e-007 
167.000000 1.4e-007 
167.100000 1.4e-007 
167.200000 1.4e-007 
167.300000 1.4e-007 
167.400000 1.4e-007 
167.500000 1.4e-007 
167.600000 1.4e-007 
167.700000 1.4e-007 
167.800000 1.4e-007 
167.900000 1.4e-007 
168.000000 1.4e-007 
168.100000 1.4e-007 
168.200000 1.4e-007 
168.300000 1.4e-007 
168.400000 1.4e-007 
168.500000 1.4e-007 
168.600000 1.4e-007 
168.700000 1.4e-007 
168.800000 1.4e-007 
168.900000 1.3e-007 
169.000000 1.3e-007 
169.100000 1.3e-007 
169.200000 1.3e-007 
169.300000 1.3e-007 
169.400000 1.3e-007 
169.500000 1.3e-007 
169.600000 1.3e-007 
169.700000 1.2e-007 
169.800000 1.2e-007 
169.900000 1.2e-007 
170.000000 1.2e-007 
170.100000 1.2e-007 
170.200000 1.2e-007 
170.300000 1.2e-007 
170.400000 1.2e-007 
170.500000 1.2e-007 
170.600000 1.2e-007 
170.700000 1.2e-007 
170.800000 1.2e-007 
170.900000 1.2e-007 
171.000000 1.2e-007 
171.100000 1.2e-007 
171.200000 1.2e-007 
171.300000 1.2e-007 
171.400000 1.2e-007 
171.500000 1.2e-007 
171.600000 1.2e-007 
171.700000 1.2e-007 
171.800000 1.2e-007 
171.900000 1.2e-007 
172.000000 1.2e-007 
172.100000 1.2e-007 
172.200000 1.2e-007 
172.300000 1.2e-007 
172.400000 1.2e-007 
172.500000 1.2e-007 
172.600000 1.2e-007 
172.700000 1.2e-007 
172.800000 1.2e-007 
172.900000 1.2e-007 
173.000000 1.2e-007 
173.100000 1.2e-007 
173.200000 1.2e-007 
173.300000 1.2e-007 
173.400000 1.2e-007 
173.500000 1.2e-007 
173.600000 1.2e-007 
173.700000 1.2e-007 
173.800000 1.2e-007 
173.900000 1.2e-007 
174.000000 1.2e-007 
174.100000 1.2e-007 
174.200000 1.2e-007 
174.300000 1.2e-007 
174.400000 1.2e-007 
174.500000 1.2e-007 
174.600000 1.2e-007 
174.700000 1.2e-007 
174.800000 1.2e-007 
174.900000 1.2e-007 
175.000000 1.2e-007 
175.100000 1.2e-007 
175.200000 1.2e-007 
175.300000 1.2e-007 
175.400000 1.2e-007 
175.500000 1.2e-007 
175.600000 1.2e-007 
175.700000 1.2e-007 
175.800000 1.2e-007 
175.900000 1.2e-007 
176.000000 1.2e-007 
176.100000 1.2e-007 
176.200000 1.2e-007 
176.300000 1.2e-007 
176.400000 1.2e-007 
176.500000 1.2e-007 
176.600000 1.2e-007 
176.700000 1.2e-007 
176.800000 1.2e-007 
176.900000 1.2e-007 
177.000000 1.2e-007 
177.100000 1.2e-007 
177.200000 1.2e-007 
177.300000 1.2e-007 
177.400000 1.2e-007 
177.500000 1.2e-007 
177.600000 1.2e-007 
177.700000 1.2e-007 
177.800000 1.2e-007 
177.900000 1.2e-007 
178.000000 1.2e-007 
178.100000 1.2e-007 
178.200000 1.2e-007 
178.300000 1.2e-007 
178.400000 1.2e-007 
178.500000 1.2e-007 
178.600000 1.2e-007 
178.700000 1.2e-007 
178.800000 1.2e-007 
178.900000 1.2e-007 
179.000000 1.2e-007 
179.100000 1.2e-007 
179.200000 1.2e-007 
179.300000 1.2e-007 
179.400000 1.2e-007 
179.500000 1.2e-007 
179.600000 1.2e-007 
179.700000 1.2e-007 
179.800000 1.2e-007 
179.900000 1.2e-007 
180.000000 1.2e-007 
180.100000 1.2e-007 
180.200000 1.2e-007 
180.300000 1.2e-007 
180.400000 1.2e-007 
180.500000 1.2e-007 
180.600000 1.1e-007 
180.700000 1.1e-007 
180.800000 1.1e-007 
180.900000 1.1e-007 
181.000000 1.1e-007 
181.100000 1.1e-007 
181.200000 1.1e-007 
181.300000 1.1e-007 
181.400000 1.1e-007 
181.500000 1.1e-007 
181.600000 1.1e-007 
181.700000 1.1e-007 
181.800000 1.1e-007 
181.900000 1.1e-007 
182.000000 1.1e-007 
182.100000 1.1e-007 
182.200000 1.1e-007 
182.300000 1.1e-007 
182.400000 1.1e-007 
182.500000 1.1e-007 
182.600000 1.1e-007 
182.700000 1.1e-007 
182.800000 1.1e-007 
182.900000 1.1e-007 
183.000000 1.1e-007 
183.100000 1.1e-007 
183.200000 1.1e-007 
183.300000 1.1e-007 
183.400000 1.1e-007 
183.500000 1.1e-007 
183.600000 1.1e-007 
183.700000 1.1e-007 
183.800000 1.1e-007 
183.900000 1.1e-007 
184.000000 1.1e-007 
184.100000 1.1e-007 
184.200000 1.1e-007 
184.300000 1.1e-007 
184.400000 1.1e-007 
184.500000 1.1e-007 
184.600000 1.1e-007 
184.700000 1.1e-007 
184.800000 1.1e-007 
184.900000 1.1e-007 
185.000000 1.1e-007 
185.100000 1.1e-007 
185.200000 1.1e-007 
185.300000 1.1e-007 
185.400000 1.1e-007 
185.500000 1.1e-007 
185.600000 1.1e-007 
185.700000 1.1e-007 
185.800000 1.1e-007 
185.900000 1.1e-007 
186.000000 1.1e-007 
186.100000 1.1e-007 
186.200000 1.1e-007 
186.300000 1.1e-007 
186.400000 1.1e-007 
186.500000 1.1e-007 
186.600000 1.1e-007 
186.700000 1.1e-007 
186.800000 1.1e-007 
186.900000 1.1e-007 
187.000000 1.1e-007 
187.100000 1.1e-007 
187.200000 1.1e-007 
187.300000 1.1e-007 
187.400000 1.1e-007 
187.500000 1.1e-007 
187.600000 1.1e-007 
187.700000 1.1e-007 
187.800000 1.1e-007 
187.900000 1.1e-007 
188.000000 1.1e-007 
188.100000 1.1e-007 
188.200000 1.1e-007 
188.300000 1.1e-007 
188.400000 1.1e-007 
188.500000 1.1e-007 
188.600000 1.1e-007 
188.700000 1.1e-007 
188.800000 1.1e-007 
188.900000 1.1e-007 
189.000000 1.1e-007 
189.100000 1.1e-007 
189.200000 1.1e-007 
189.300000 1.1e-007 
189.400000 1.1e-007 
189.500000 1.1e-007 
189.600000 1.1e-007 
189.700000 1.1e-007 
189.800000 1.1e-007 
189.900000 1.1e-007 
190.000000 1.1e-007 
190.100000 1.1e-007 
190.200000 1.1e-007 
190.300000 1.1e-007 
190.400000 1.1e-007 
190.500000 1.1e-007 
190.600000 1.1e-007 
190.700000 1.1e-007 
190.800000 1.1e-007 
190.900000 1.1e-007 
191.000000 1.1e-007 
191.100000 1.1e-007 
191.200000 1.1e-007 
191.300000 1.1e-007 
191.400000 1.1e-007 
191.500000 1.1e-007 
191.600000 1.1e-007 
191.700000 1.1e-007 
191.800000 1.1e-007 
191.900000 1.1e-007 
192.000000 1.1e-007 
192.100000 1.1e-007 
192.200000 1.1e-007 
192.300000 1.1e-007 
192.400000 1.1e-007 
192.500000 1.1e-007 
192.600000 1.1e-007 
192.700000 1.1e-007 
192.800000 1.1e-007 
192.900000 1.1e-007 
193.000000 1.1e-007 
193.100000 1.1e-007 
193.200000 1.1e-007 
193.300000 1.1e-007 
193.400000 1.1e-007 
193.500000 1.1e-007 
193.600000 1.1e-007 
193.700000 1.1e-007 
193.800000 1.1e-007 
193.900000 1.1e-007 
194.000000 1.1e-007 
194.100000 1.1e-007 
194.200000 1.1e-007 
194.300000 1.1e-007 
194.400000 1.1e-007 
194.500000 1.1e-007 
194.600000 1.1e-007 
194.700000 1.1e-007 
194.800000 1.1e-007 
194.900000 1.1e-007 
195.000000 1.1e-007 
195.100000 1.1e-007 
195.200000 1.1e-007 
195.300000 1.1e-007 
195.400000 1.1e-007 
195.500000 1.1e-007 
195.600000 1.1e-007 
195.700000 1.1e-007 
195.800000 1.1e-007 
195.900000 1.1e-007 
196.000000 1.1e-007 
196.100000 1.1e-007 
196.200000 1.1e-007 
196.300000 1.1e-007 
196.400000 1.1e-007 
196.500000 1.1e-007 
196.600000 1.1e-007 
196.700000 1.1e-007 
196.800000 1.1e-007 
196.900000 1.1e-007 
197.000000 1.1e-007 
197.100000 1.1e-007 
197.200000 1.1e-007 
197.300000 1.1e-007 
197.400000 1.1e-007 
197.500000 1.1e-007 
197.600000 1.1e-007 
197.700000 1.1e-007 
197.800000 1.1e-007 
197.900000 1.1e-007 
198.000000 1.1e-007 
198.100000 1.1e-007 
198.200000 1.1e-007 
198.300000 1.1e-007 
198.400000 1.1e-007 
198.500000 1.1e-007 
198.600000 1.1e-007 
198.700000 1.1e-007 
198.800000 1.1e-007 
198.900000 1.1e-007 
199.000000 1.1e-007 
199.100000 1.1e-007 
199.200000 1.1e-007 
199.300000 1.1e-007 
199.400000 1.1e-007 
199.500000 1.1e-007 
199.600000 1.1e-007 
199.700000 1.1e-007 
199.800000 1.1e-007 
199.900000 1.1e-007 
200.000000 1.1e-007 
200.100000 1.1e-007 
200.200000 1.1e-007 
200.300000 1.1e-007 
200.400000 1.1e-007 
200.500000 1.1e-007 
200.600000 1.1e-007 
200.700000 1.1e-007 
200.800000 1.1e-007 
200.900000 1.1e-007 
201.000000 1.1e-007 
201.100000 1.1e-007 
201.200000 1.1e-007 
201.300000 1.1e-007 
201.400000 1.1e-007 
201.500000 1.1e-007 
201.600000 1.1e-007 
201.700000 1.1e-007 
201.800000 1.1e-007 
201.900000 1.1e-007 
202.000000 1.1e-007 
202.100000 1.1e-007 
202.200000 1.1e-007 
202.300000 1.1e-007 
202.400000 1.1e-007 
202.500000 1.1e-007 
202.600000 1.1e-007 
202.700000 1.1e-007 
202.800000 1.1e-007 
202.900000 1.1e-007 
203.000000 1.1e-007 
203.100000 1.1e-007 
203.200000 1.1e-007 
203.300000 1.1e-007 
203.400000 1.1e-007 
203.500000 1.1e-007 
203.600000 1.1e-007 
203.700000 1.1e-007 
203.800000 1.1e-007 
203.900000 1.1e-007 
204.000000 1.1e-007 
204.100000 1.1e-007 
204.200000 1.1e-007 
204.300000 1.1e-007 
204.400000 1.1e-007 
204.500000 1e-007 
204.600000 1e-007 
204.700000 1e-007 
204.800000 1e-007 
204.900000 1e-007 
205.000000 1e-007 
205.100000 1e-007 
205.200000 1e-007 
205.300000 1e-007 
205.400000 1e-007 
205.500000 1e-007 
205.600000 1e-007 
205.700000 1e-007 
205.800000 1e-007 
205.900000 1e-007 
206.000000 1e-007 
206.100000 1e-007 
206.200000 1e-007 
206.300000 1e-007 
206.400000 1e-007 
206.500000 1e-007 
206.600000 1e-007 
206.700000 1e-007 
206.800000 1e-007 
206.900000 1e-007 
207.000000 1e-007 
207.100000 1e-007 
207.200000 1e-007 
207.300000 1e-007 
207.400000 1e-007 
207.500000 1e-007 
207.600000 1e-007 
207.700000 1e-007 
207.800000 1e-007 
207.900000 1e-007 
208.000000 1e-007 
208.100000 1e-007 
208.200000 1e-007 
208.300000 1e-007 
208.400000 1e-007 
208.500000 1e-007 
208.600000 1e-007 
208.700000 1e-007 
208.800000 1e-007 
208.900000 9e-008 
209.000000 9e-008 
209.100000 9e-008 
209.200000 9e-008 
209.300000 9e-008 
209.400000 9e-008 
209.500000 9e-008 
209.600000 9e-008 
209.700000 9e-008 
209.800000 9e-008 
209.900000 9e-008 
210.000000 9e-008 
210.100000 9e-008 
210.200000 9e-008 
210.300000 9e-008 
210.400000 9e-008 
210.500000 9e-008 
210.600000 9e-008 
210.700000 9e-008 
210.800000 9e-008 
210.900000 9e-008 
211.000000 9e-008 
211.100000 9e-008 
211.200000 9e-008 
211.300000 9e-008 
211.400000 9e-008 
211.500000 9e-008 
211.600000 9e-008 
211.700000 9e-008 
211.800000 9e-008 
211.900000 9e-008 
212.000000 9e-008 
212.100000 9e-008 
212.200000 9e-008 
212.300000 9e-008 
212.400000 9e-008 
212.500000 9e-008 
212.600000 9e-008 
212.700000 9e-008 
212.800000 9e-008 
212.900000 9e-008 
213.000000 9e-008 
213.100000 9e-008 
213.200000 9e-008 
213.300000 9e-008 
213.400000 9e-008 
213.500000 9e-008 
213.600000 9e-008 
213.700000 9e-008 
213.800000 9e-008 
213.900000 9e-008 
214.000000 9e-008 
214.100000 9e-008 
214.200000 9e-008 
214.300000 9e-008 
214.400000 9e-008 
214.500000 9e-008 
214.600000 9e-008 
214.700000 9e-008 
214.800000 9e-008 
214.900000 9e-008 
215.000000 9e-008 
215.100000 9e-008 
215.200000 9e-008 
215.300000 8e-008 
215.400000 8e-008 
215.500000 8e-008 
215.600000 8e-008 
215.700000 8e-008 
215.800000 8e-008 
215.900000 8e-008 
216.000000 8e-008 
216.100000 8e-008 
216.200000 8e-008 
216.300000 8e-008 
216.400000 8e-008 
216.500000 8e-008 
216.600000 8e-008 
216.700000 8e-008 
216.800000 8e-008 
216.900000 8e-008 
217.000000 8e-008 
217.100000 8e-008 
217.200000 8e-008 
217.300000 8e-008 
217.400000 8e-008 
217.500000 8e-008 
217.600000 8e-008 
217.700000 8e-008 
217.800000 8e-008 
217.900000 8e-008 
218.000000 8e-008 
218.100000 8e-008 
218.200000 8e-008 
218.300000 8e-008 
218.400000 8e-008 
218.500000 8e-008 
218.600000 8e-008 
218.700000 8e-008 
218.800000 8e-008 
218.900000 8e-008 
219.000000 8e-008 
219.100000 8e-008 
219.200000 8e-008 
219.300000 8e-008 
219.400000 8e-008 
219.500000 8e-008 
219.600000 8e-008 
219.700000 8e-008 
219.800000 8e-008 
219.900000 8e-008 
220.000000 8e-008 
220.100000 8e-008 
220.200000 8e-008 
220.300000 8e-008 
220.400000 8e-008 
220.500000 8e-008 
220.600000 8e-008 
220.700000 8e-008 
220.800000 8e-008 
220.900000 8e-008 
221.000000 8e-008 
221.100000 8e-008 
221.200000 8e-008 
221.300000 8e-008 
221.400000 8e-008 
221.500000 8e-008 
221.600000 8e-008 
221.700000 8e-008 
221.800000 8e-008 
221.900000 8e-008 
222.000000 8e-008 
222.100000 8e-008 
222.200000 8e-008 
222.300000 8e-008 
222.400000 8e-008 
222.500000 8e-008 
222.600000 8e-008 
222.700000 8e-008 
222.800000 8e-008 
222.900000 8e-008 
223.000000 8e-008 
223.100000 8e-008 
223.200000 8e-008 
223.300000 8e-008 
223.400000 8e-008 
223.500000 8e-008 
223.600000 8e-008 
223.700000 8e-008 
223.800000 8e-008 
223.900000 8e-008 
224.000000 8e-008 
224.100000 8e-008 
224.200000 8e-008 
224.300000 8e-008 
224.400000 8e-008 
224.500000 8e-008 
224.600000 8e-008 
224.700000 8e-008 
224.800000 8e-008 
224.900000 8e-008 
225.000000 8e-008 
225.100000 8e-008 
225.200000 8e-008 
225.300000 8e-008 
225.400000 8e-008 
225.500000 8e-008 
225.600000 8e-008 
225.700000 8e-008 
225.800000 8e-008 
225.900000 8e-008 
226.000000 8e-008 
226.100000 8e-008 
226.200000 8e-008 
226.300000 8e-008 
226.400000 8e-008 
226.500000 8e-008 
226.600000 8e-008 
226.700000 8e-008 
226.800000 8e-008 
226.900000 8e-008 
227.000000 8e-008 
227.100000 8e-008 
227.200000 8e-008 
227.300000 8e-008 
227.400000 8e-008 
227.500000 8e-008 
227.600000 8e-008 
227.700000 8e-008 
227.800000 8e-008 
227.900000 8e-008 
228.000000 8e-008 
228.100000 8e-008 
228.200000 8e-008 
228.300000 8e-008 
228.400000 8e-008 
228.500000 8e-008 
228.600000 8e-008 
228.700000 8e-008 
228.800000 8e-008 
228.900000 8e-008 
229.000000 8e-008 
229.100000 8e-008 
229.200000 8e-008 
229.300000 8e-008 
229.400000 8e-008 
229.500000 8e-008 
229.600000 8e-008 
229.700000 8e-008 
229.800000 8e-008 
229.900000 8e-008 
230.000000 8e-008 
230.100000 8e-008 
230.200000 8e-008 
230.300000 8e-008 
230.400000 8e-008 
230.500000 8e-008 
230.600000 8e-008 
230.700000 8e-008 
230.800000 8e-008 
230.900000 8e-008 
231.000000 8e-008 
231.100000 8e-008 
231.200000 8e-008 
231.300000 8e-008 
231.400000 8e-008 
231.500000 8e-008 
231.600000 8e-008 
231.700000 8e-008 
231.800000 8e-008 
231.900000 8e-008 
232.000000 8e-008 
232.100000 8e-008 
232.200000 8e-008 
232.300000 8e-008 
232.400000 8e-008 
232.500000 8e-008 
232.600000 8e-008 
232.700000 8e-008 
232.800000 8e-008 
232.900000 8e-008 
233.000000 8e-008 
233.100000 8e-008 
233.200000 8e-008 
233.300000 8e-008 
233.400000 8e-008 
233.500000 8e-008 
233.600000 8e-008 
233.700000 8e-008 
233.800000 8e-008 
233.900000 8e-008 
234.000000 8e-008 
234.100000 8e-008 
234.200000 8e-008 
234.300000 8e-008 
234.400000 8e-008 
234.500000 8e-008 
234.600000 8e-008 
234.700000 8e-008 
234.800000 8e-008 
234.900000 8e-008 
235.000000 8e-008 
235.100000 8e-008 
235.200000 8e-008 
235.300000 8e-008 
235.400000 8e-008 
235.500000 8e-008 
235.600000 8e-008 
235.700000 8e-008 
235.800000 8e-008 
235.900000 8e-008 
236.000000 8e-008 
236.100000 8e-008 
236.200000 8e-008 
236.300000 8e-008 
236.400000 8e-008 
236.500000 8e-008 
236.600000 8e-008 
236.700000 8e-008 
236.800000 8e-008 
236.900000 8e-008 
237.000000 8e-008 
237.100000 8e-008 
237.200000 8e-008 
237.300000 8e-008 
237.400000 8e-008 
237.500000 8e-008 
237.600000 8e-008 
237.700000 8e-008 
237.800000 8e-008 
237.900000 8e-008 
238.000000 8e-008 
238.100000 8e-008 
238.200000 8e-008 
238.300000 8e-008 
238.400000 8e-008 
238.500000 8e-008 
238.600000 8e-008 
238.700000 8e-008 
238.800000 8e-008 
238.900000 8e-008 
239.000000 8e-008 
239.100000 8e-008 
239.200000 8e-008 
239.300000 8e-008 
239.400000 8e-008 
239.500000 8e-008 
239.600000 8e-008 
239.700000 8e-008 
239.800000 8e-008 
239.900000 8e-008 
240.000000 8e-008 
240.100000 8e-008 
240.200000 8e-008 
240.300000 8e-008 
240.400000 8e-008 
240.500000 8e-008 
240.600000 8e-008 
240.700000 8e-008 
240.800000 7e-008 
240.900000 7e-008 
241.000000 7e-008 
241.100000 7e-008 
241.200000 7e-008 
241.300000 7e-008 
241.400000 7e-008 
241.500000 7e-008 
241.600000 7e-008 
241.700000 7e-008 
241.800000 7e-008 
241.900000 7e-008 
242.000000 7e-008 
242.100000 7e-008 
242.200000 7e-008 
242.300000 7e-008 
242.400000 7e-008 
242.500000 7e-008 
242.600000 7e-008 
242.700000 7e-008 
242.800000 7e-008 
242.900000 7e-008 
243.000000 7e-008 
243.100000 7e-008 
243.200000 7e-008 
243.300000 7e-008 
243.400000 7e-008 
243.500000 7e-008 
243.600000 7e-008 
243.700000 7e-008 
243.800000 7e-008 
243.900000 7e-008 
244.000000 7e-008 
244.100000 7e-008 
244.200000 7e-008 
244.300000 7e-008 
244.400000 7e-008 
244.500000 7e-008 
244.600000 7e-008 
244.700000 7e-008 
244.800000 7e-008 
244.900000 7e-008 
245.000000 7e-008 
245.100000 7e-008 
245.200000 7e-008 
245.300000 7e-008 
245.400000 7e-008 
245.500000 7e-008 
245.600000 7e-008 
245.700000 7e-008 
245.800000 7e-008 
245.900000 7e-008 
246.000000 7e-008 
246.100000 7e-008 
246.200000 7e-008 
246.300000 7e-008 
246.400000 7e-008 
246.500000 7e-008 
246.600000 7e-008 
246.700000 7e-008 
246.800000 7e-008 
246.900000 7e-008 
247.000000 7e-008 
247.100000 6e-008 
247.200000 6e-008 
247.300000 6e-008 
247.400000 6e-008 
247.500000 6e-008 
247.600000 6e-008 
247.700000 6e-008 
247.800000 6e-008 
247.900000 6e-008 
248.000000 6e-008 
248.100000 6e-008 
248.200000 6e-008 
248.300000 6e-008 
248.400000 6e-008 
248.500000 6e-008 
248.600000 6e-008 
248.700000 6e-008 
248.800000 6e-008 
248.900000 6e-008 
249.000000 6e-008 
249.100000 6e-008 
249.200000 6e-008 
249.300000 6e-008 
249.400000 6e-008 
249.500000 6e-008 
249.600000 6e-008 
249.700000 6e-008 
249.800000 6e-008 
249.900000 6e-008 
250.000000 6e-008 
250.100000 6e-008 
250.200000 6e-008 
250.300000 6e-008 
250.400000 6e-008 
250.500000 6e-008 
250.600000 6e-008 
250.700000 6e-008 
250.800000 6e-008 
250.900000 6e-008 
251.000000 6e-008 
251.100000 6e-008 
251.200000 6e-008 
251.300000 6e-008 
251.400000 6e-008 
251.500000 6e-008 
251.600000 6e-008 
251.700000 6e-008 
251.800000 6e-008 
251.900000 6e-008 
252.000000 6e-008 
252.100000 6e-008 
252.200000 6e-008 
252.300000 6e-008 
252.400000 6e-008 
252.500000 6e-008 
252.600000 6e-008 
252.700000 6e-008 
252.800000 6e-008 
252.900000 6e-008 
253.000000 6e-008 
253.100000 6e-008 
253.200000 6e-008 
253.300000 6e-008 
253.400000 6e-008 
253.500000 6e-008 
253.600000 6e-008 
253.700000 6e-008 
253.800000 6e-008 
253.900000 6e-008 
254.000000 6e-008 
254.100000 6e-008 
254.200000 6e-008 
254.300000 6e-008 
254.400000 6e-008 
254.500000 6e-008 
254.600000 6e-008 
254.700000 6e-008 
254.800000 6e-008 
254.900000 6e-008 
255.000000 6e-008 
255.100000 6e-008 
255.200000 6e-008 
255.300000 6e-008 
255.400000 6e-008 
255.500000 6e-008 
255.600000 6e-008 
255.700000 6e-008 
255.800000 6e-008 
255.900000 6e-008 
256.000000 6e-008 
256.100000 6e-008 
256.200000 6e-008 
256.300000 6e-008 
256.400000 6e-008 
256.500000 6e-008 
256.600000 6e-008 
256.700000 6e-008 
256.800000 6e-008 
256.900000 6e-008 
257.000000 6e-008 
257.100000 6e-008 
257.200000 6e-008 
257.300000 6e-008 
257.400000 6e-008 
257.500000 6e-008 
257.600000 6e-008 
257.700000 6e-008 
257.800000 6e-008 
257.900000 6e-008 
258.000000 6e-008 
258.100000 6e-008 
258.200000 6e-008 
258.300000 6e-008 
258.400000 6e-008 
258.500000 6e-008 
258.600000 6e-008 
258.700000 6e-008 
258.800000 6e-008 
258.900000 6e-008 
259.000000 6e-008 
259.100000 6e-008 
259.200000 6e-008 
259.300000 6e-008 
259.400000 6e-008 
259.500000 6e-008 
259.600000 6e-008 
259.700000 6e-008 
259.800000 6e-008 
259.900000 6e-008 
260.000000 6e-008 
260.100000 6e-008 
260.200000 6e-008 
260.300000 6e-008 
260.400000 6e-008 
260.500000 6e-008 
260.600000 6e-008 
260.700000 6e-008 
260.800000 6e-008 
260.900000 6e-008 
261.000000 6e-008 
261.100000 6e-008 
261.200000 6e-008 
261.300000 6e-008 
261.400000 6e-008 
261.500000 6e-008 
261.600000 6e-008 
261.700000 6e-008 
261.800000 6e-008 
261.900000 6e-008 
262.000000 6e-008 
262.100000 6e-008 
262.200000 6e-008 
262.300000 6e-008 
262.400000 6e-008 
262.500000 6e-008 
262.600000 6e-008 
262.700000 6e-008 
262.800000 6e-008 
262.900000 6e-008 
263.000000 6e-008 
263.100000 6e-008 
263.200000 6e-008 
263.300000 6e-008 
263.400000 6e-008 
263.500000 6e-008 
263.600000 6e-008 
263.700000 6e-008 
263.800000 6e-008 
263.900000 6e-008 
264.000000 6e-008 
264.100000 6e-008 
264.200000 6e-008 
264.300000 6e-008 
264.400000 6e-008 
264.500000 6e-008 
264.600000 6e-008 
264.700000 6e-008 
264.800000 6e-008 
264.900000 6e-008 
265.000000 6e-008 
265.100000 6e-008 
265.200000 6e-008 
265.300000 6e-008 
265.400000 6e-008 
265.500000 6e-008 
265.600000 6e-008 
265.700000 6e-008 
265.800000 6e-008 
265.900000 6e-008 
266.000000 6e-008 
266.100000 6e-008 
266.200000 6e-008 
266.300000 6e-008 
266.400000 6e-008 
266.500000 6e-008 
266.600000 6e-008 
266.700000 6e-008 
266.800000 6e-008 
266.900000 6e-008 
267.000000 6e-008 
267.100000 6e-008 
267.200000 6e-008 
267.300000 6e-008 
267.400000 6e-008 
267.500000 6e-008 
267.600000 6e-008 
267.700000 6e-008 
267.800000 6e-008 
267.900000 6e-008 
268.000000 6e-008 
268.100000 6e-008 
268.200000 6e-008 
268.300000 6e-008 
268.400000 6e-008 
268.500000 6e-008 
268.600000 6e-008 
268.700000 6e-008 
268.800000 6e-008 
268.900000 6e-008 
269.000000 6e-008 
269.100000 6e-008 
269.200000 6e-008 
269.300000 6e-008 
269.400000 6e-008 
269.500000 6e-008 
269.600000 6e-008 
269.700000 6e-008 
269.800000 6e-008 
269.900000 6e-008 
270.000000 6e-008 
270.100000 6e-008 
270.200000 6e-008 
270.300000 6e-008 
270.400000 6e-008 
270.500000 6e-008 
270.600000 6e-008 
270.700000 6e-008 
270.800000 6e-008 
270.900000 6e-008 
271.000000 6e-008 
271.100000 6e-008 
271.200000 6e-008 
271.300000 6e-008 
271.400000 6e-008 
271.500000 5e-008 
271.600000 5e-008 
271.700000 5e-008 
271.800000 5e-008 
271.900000 5e-008 
272.000000 5e-008 
272.100000 5e-008 
272.200000 5e-008 
272.300000 5e-008 
272.400000 5e-008 
272.500000 5e-008 
272.600000 5e-008 
272.700000 5e-008 
272.800000 5e-008 
272.900000 5e-008 
273.000000 5e-008 
273.100000 5e-008 
273.200000 5e-008 
273.300000 5e-008 
273.400000 5e-008 
273.500000 5e-008 
273.600000 5e-008 
273.700000 5e-008 
273.800000 5e-008 
273.900000 5e-008 
274.000000 5e-008 
274.100000 5e-008 
274.200000 5e-008 
274.300000 5e-008 
274.400000 5e-008 
274.500000 5e-008 
274.600000 5e-008 
274.700000 5e-008 
274.800000 5e-008 
274.900000 5e-008 
275.000000 5e-008 
275.100000 5e-008 
275.200000 5e-008 
275.300000 5e-008 
275.400000 5e-008 
275.500000 5e-008 
275.600000 5e-008 
275.700000 5e-008 
275.800000 5e-008 
275.900000 5e-008 
276.000000 5e-008 
276.100000 5e-008 
276.200000 5e-008 
276.300000 5e-008 
276.400000 5e-008 
276.500000 5e-008 
276.600000 5e-008 
276.700000 5e-008 
276.800000 5e-008 
276.900000 5e-008 
277.000000 5e-008 
277.100000 5e-008 
277.200000 5e-008 
277.300000 5e-008 
277.400000 5e-008 
277.500000 5e-008 
277.600000 5e-008 
277.700000 5e-008 
277.800000 5e-008 
277.900000 5e-008 
278.000000 5e-008 
278.100000 5e-008 
278.200000 5e-008 
278.300000 5e-008 
278.400000 5e-008 
278.500000 5e-008 
278.600000 5e-008 
278.700000 5e-008 
278.800000 5e-008 
278.900000 5e-008 
279.000000 5e-008 
279.100000 5e-008 
279.200000 5e-008 
279.300000 5e-008 
279.400000 5e-008 
279.500000 5e-008 
279.600000 5e-008 
279.700000 5e-008 
279.800000 5e-008 
279.900000 5e-008 
280.000000 5e-008 
280.100000 5e-008 
280.200000 5e-008 
280.300000 5e-008 
280.400000 5e-008 
280.500000 5e-008 
280.600000 5e-008 
280.700000 5e-008 
280.800000 5e-008 
280.900000 5e-008 
281.000000 5e-008 
281.100000 5e-008 
281.200000 5e-008 
281.300000 5e-008 
281.400000 5e-008 
281.500000 5e-008 
281.600000 5e-008 
281.700000 5e-008 
281.800000 5e-008 
281.900000 5e-008 
282.000000 5e-008 
282.100000 5e-008 
282.200000 5e-008 
282.300000 5e-008 
282.400000 5e-008 
282.500000 5e-008 
282.600000 5e-008 
282.700000 5e-008 
282.800000 5e-008 
282.900000 5e-008 
283.000000 5e-008 
283.100000 5e-008 
283.200000 5e-008 
283.300000 5e-008 
283.400000 5e-008 
283.500000 5e-008 
283.600000 5e-008 
283.700000 5e-008 
283.800000 5e-008 
283.900000 5e-008 
284.000000 5e-008 
284.100000 5e-008 
284.200000 5e-008 
284.300000 5e-008 
284.400000 5e-008 
284.500000 5e-008 
284.600000 5e-008 
284.700000 5e-008 
284.800000 5e-008 
284.900000 5e-008 
285.000000 5e-008 
285.100000 5e-008 
285.200000 5e-008 
285.300000 5e-008 
285.400000 5e-008 
285.500000 5e-008 
285.600000 5e-008 
285.700000 5e-008 
285.800000 5e-008 
285.900000 5e-008 
286.000000 5e-008 
286.100000 5e-008 
286.200000 5e-008 
286.300000 5e-008 
286.400000 5e-008 
286.500000 5e-008 
286.600000 5e-008 
286.700000 5e-008 
286.800000 5e-008 
286.900000 5e-008 
287.000000 5e-008 
287.100000 5e-008 
287.200000 5e-008 
287.300000 5e-008 
287.400000 4e-008 
287.500000 4e-008 
287.600000 4e-008 
287.700000 4e-008 
287.800000 4e-008 
287.900000 4e-008 
288.000000 4e-008 
288.100000 4e-008 
288.200000 4e-008 
288.300000 4e-008 
288.400000 4e-008 
288.500000 4e-008 
288.600000 4e-008 
288.700000 4e-008 
288.800000 4e-008 
288.900000 4e-008 
289.000000 4e-008 
289.100000 4e-008 
289.200000 4e-008 
289.300000 4e-008 
289.400000 4e-008 
289.500000 4e-008 
289.600000 4e-008 
289.700000 4e-008 
289.800000 4e-008 
289.900000 4e-008 
290.000000 4e-008 
290.100000 4e-008 
290.200000 4e-008 
290.300000 4e-008 
290.400000 4e-008 
290.500000 4e-008 
290.600000 4e-008 
290.700000 4e-008 
290.800000 4e-008 
290.900000 4e-008 
291.000000 4e-008 
291.100000 4e-008 
291.200000 4e-008 
291.300000 4e-008 
291.400000 4e-008 
291.500000 4e-008 
291.600000 4e-008 
291.700000 4e-008 
291.800000 4e-008 
291.900000 4e-008 
292.000000 4e-008 
292.100000 4e-008 
292.200000 4e-008 
292.300000 4e-008 
292.400000 4e-008 
292.500000 4e-008 
292.600000 4e-008 
292.700000 4e-008 
292.800000 4e-008 
292.900000 4e-008 
293.000000 4e-008 
293.100000 4e-008 
293.200000 4e-008 
293.300000 4e-008 
293.400000 4e-008 
293.500000 4e-008 
293.600000 4e-008 
293.700000 4e-008 
293.800000 4e-008 
293.900000 4e-008 
294.000000 4e-008 
294.100000 4e-008 
294.200000 4e-008 
294.300000 4e-008 
294.400000 4e-008 
294.500000 4e-008 
294.600000 4e-008 
294.700000 4e-008 
294.800000 4e-008 
294.900000 4e-008 
295.000000 4e-008 
295.100000 4e-008 
295.200000 4e-008 
295.300000 4e-008 
295.400000 4e-008 
295.500000 4e-008 
295.600000 4e-008 
295.700000 4e-008 
295.800000 4e-008 
295.900000 4e-008 
296.000000 4e-008 
296.100000 4e-008 
296.200000 4e-008 
296.300000 4e-008 
296.400000 4e-008 
296.500000 4e-008 
296.600000 4e-008 
296.700000 4e-008 
296.800000 4e-008 
296.900000 4e-008 
297.000000 4e-008 
297.100000 4e-008 
297.200000 4e-008 
297.300000 4e-008 
297.400000 4e-008 
297.500000 4e-008 
297.600000 4e-008 
297.700000 4e-008 
297.800000 4e-008 
297.900000 4e-008 
298.000000 4e-008 
298.100000 4e-008 
298.200000 4e-008 
298.300000 4e-008 
298.400000 4e-008 
298.500000 4e-008 
298.600000 4e-008 
298.700000 4e-008 
298.800000 4e-008 
298.900000 4e-008 
299.000000 4e-008 
299.100000 4e-008 
299.200000 4e-008 
299.300000 4e-008 
299.400000 4e-008 
299.500000 4e-008 
299.600000 3e-008 
299.700000 3e-008 
299.800000 3e-008 
299.900000 3e-008 
300.000000 3e-008 
300.100000 3e-008 
300.200000 3e-008 
300.300000 3e-008 
300.400000 3e-008 
300.500000 3e-008 
300.600000 3e-008 
300.700000 3e-008 
300.800000 3e-008 
300.900000 3e-008 
301.000000 3e-008 
301.100000 3e-008 
301.200000 3e-008 
301.300000 3e-008 
301.400000 3e-008 
301.500000 3e-008 
301.600000 3e-008 
301.700000 3e-008 
301.800000 3e-008 
301.900000 3e-008 
302.000000 3e-008 
302.100000 3e-008 
302.200000 3e-008 
302.300000 3e-008 
302.400000 3e-008 
302.500000 3e-008 
302.600000 3e-008 
302.700000 3e-008 
302.800000 3e-008 
302.900000 3e-008 
303.000000 3e-008 
303.100000 3e-008 
303.200000 3e-008 
303.300000 3e-008 
303.400000 3e-008 
303.500000 3e-008 
303.600000 3e-008 
303.700000 3e-008 
303.800000 3e-008 
303.900000 3e-008 
304.000000 3e-008 
304.100000 3e-008 
304.200000 3e-008 
304.300000 3e-008 
304.400000 3e-008 
304.500000 3e-008 
304.600000 3e-008 
304.700000 3e-008 
304.800000 3e-008 
304.900000 3e-008 
305.000000 3e-008 
305.100000 3e-008 
305.200000 3e-008 
305.300000 3e-008 
305.400000 3e-008 
305.500000 3e-008 
305.600000 3e-008 
305.700000 3e-008 
305.800000 3e-008 
305.900000 3e-008 
306.000000 3e-008 
306.100000 3e-008 
306.200000 3e-008 
306.300000 3e-008 
306.400000 3e-008 
306.500000 3e-008 
306.600000 3e-008 
306.700000 3e-008 
306.800000 3e-008 
306.900000 3e-008 
307.000000 3e-008 
307.100000 3e-008 
307.200000 3e-008 
307.300000 3e-008 
307.400000 3e-008 
307.500000 3e-008 
307.600000 3e-008 
307.700000 3e-008 
307.800000 3e-008 
307.900000 3e-008 
308.000000 3e-008 
308.100000 3e-008 
308.200000 3e-008 
308.300000 3e-008 
308.400000 3e-008 
308.500000 3e-008 
308.600000 3e-008 
308.700000 3e-008 
308.800000 3e-008 
308.900000 3e-008 
309.000000 3e-008 
309.100000 3e-008 
309.200000 3e-008 
309.300000 3e-008 
309.400000 3e-008 
309.500000 3e-008 
309.600000 3e-008 
309.700000 3e-008 
309.800000 3e-008 
309.900000 3e-008 
310.000000 3e-008 
310.100000 3e-008 
310.200000 3e-008 
310.300000 3e-008 
310.400000 3e-008 
310.500000 3e-008 
310.600000 3e-008 
310.700000 3e-008 
310.800000 3e-008 
310.900000 3e-008 
311.000000 3e-008 
311.100000 3e-008 
311.200000 3e-008 
311.300000 3e-008 
311.400000 3e-008 
311.500000 3e-008 
311.600000 3e-008 
311.700000 3e-008 
311.800000 3e-008 
311.900000 3e-008 
312.000000 3e-008 
312.100000 3e-008 
312.200000 3e-008 
312.300000 3e-008 
312.400000 3e-008 
312.500000 3e-008 
312.600000 3e-008 
312.700000 3e-008 
312.800000 3e-008 
312.900000 3e-008 
313.000000 3e-008 
313.100000 3e-008 
313.200000 3e-008 
313.300000 3e-008 
313.400000 3e-008 
313.500000 3e-008 
313.600000 3e-008 
313.700000 3e-008 
313.800000 3e-008 
313.900000 3e-008 
314.000000 3e-008 
314.100000 3e-008 
314.200000 3e-008 
314.300000 3e-008 
314.400000 3e-008 
314.500000 3e-008 
314.600000 3e-008 
314.700000 3e-008 
314.800000 3e-008 
314.900000 3e-008 
315.000000 3e-008 
315.100000 3e-008 
315.200000 3e-008 
315.300000 3e-008 
315.400000 3e-008 
315.500000 3e-008 
315.600000 3e-008 
315.700000 3e-008 
315.800000 3e-008 
315.900000 3e-008 
316.000000 3e-008 
316.100000 3e-008 
316.200000 3e-008 
316.300000 3e-008 
316.400000 3e-008 
316.500000 3e-008 
316.600000 3e-008 
316.700000 3e-008 
316.800000 3e-008 
316.900000 3e-008 
317.000000 3e-008 
317.100000 3e-008 
317.200000 3e-008 
317.300000 3e-008 
317.400000 3e-008 
317.500000 3e-008 
317.600000 3e-008 
317.700000 3e-008 
317.800000 3e-008 
317.900000 3e-008 
318.000000 3e-008 
318.100000 3e-008 
318.200000 3e-008 
318.300000 3e-008 
318.400000 3e-008 
318.500000 3e-008 
318.600000 3e-008 
318.700000 3e-008 
318.800000 3e-008 
318.900000 3e-008 
319.000000 3e-008 
319.100000 3e-008 
319.200000 3e-008 
319.300000 3e-008 
319.400000 3e-008 
319.500000 3e-008 
319.600000 3e-008 
319.700000 3e-008 
319.800000 3e-008 
319.900000 3e-008 
320.000000 3e-008 
320.100000 3e-008 
320.200000 3e-008 
320.300000 3e-008 
320.400000 3e-008 
320.500000 3e-008 
320.600000 3e-008 
320.700000 3e-008 
320.800000 2e-008 
320.900000 2e-008 
321.000000 2e-008 
321.100000 2e-008 
321.200000 2e-008 
321.300000 2e-008 
321.400000 2e-008 
321.500000 2e-008 
321.600000 2e-008 
321.700000 2e-008 
321.800000 2e-008 
321.900000 2e-008 
322.000000 2e-008 
322.100000 2e-008 
322.200000 2e-008 
322.300000 2e-008 
322.400000 2e-008 
322.500000 2e-008 
322.600000 2e-008 
322.700000 2e-008 
322.800000 2e-008 
322.900000 2e-008 
323.000000 2e-008 
323.100000 2e-008 
323.200000 2e-008 
323.300000 2e-008 
323.400000 2e-008 
323.500000 2e-008 
323.600000 2e-008 
323.700000 2e-008 
323.800000 2e-008 
323.900000 2e-008 
324.000000 2e-008 
324.100000 2e-008 
324.200000 2e-008 
324.300000 2e-008 
324.400000 2e-008 
324.500000 2e-008 
324.600000 2e-008 
324.700000 2e-008 
324.800000 2e-008 
324.900000 2e-008 
325.000000 2e-008 
325.100000 2e-008 
325.200000 2e-008 
325.300000 2e-008 
325.400000 2e-008 
325.500000 2e-008 
325.600000 2e-008 
325.700000 2e-008 
325.800000 2e-008 
325.900000 2e-008 
326.000000 2e-008 
326.100000 2e-008 
326.200000 2e-008 
326.300000 2e-008 
326.400000 2e-008 
326.500000 2e-008 
326.600000 2e-008 
326.700000 2e-008 
326.800000 2e-008 
326.900000 2e-008 
327.000000 2e-008 
327.100000 2e-008 
327.200000 2e-008 
327.300000 2e-008 
327.400000 2e-008 
327.500000 2e-008 
327.600000 2e-008 
327.700000 2e-008 
327.800000 2e-008 
327.900000 2e-008 
328.000000 2e-008 
328.100000 2e-008 
328.200000 2e-008 
328.300000 2e-008 
328.400000 2e-008 
328.500000 2e-008 
328.600000 2e-008 
328.700000 2e-008 
328.800000 2e-008 
328.900000 2e-008 
329.000000 2e-008 
329.100000 2e-008 
329.200000 2e-008 
329.300000 2e-008 
329.400000 2e-008 
329.500000 2e-008 
329.600000 2e-008 
329.700000 2e-008 
329.800000 2e-008 
329.900000 2e-008 
330.000000 2e-008 
330.100000 2e-008 
330.200000 2e-008 
330.300000 2e-008 
330.400000 2e-008 
330.500000 2e-008 
330.600000 2e-008 
330.700000 2e-008 
330.800000 2e-008 
330.900000 2e-008 
331.000000 2e-008 
331.100000 2e-008 
331.200000 2e-008 
331.300000 2e-008 
331.400000 2e-008 
331.500000 2e-008 
331.600000 2e-008 
331.700000 2e-008 
331.800000 2e-008 
331.900000 2e-008 
332.000000 2e-008 
332.100000 2e-008 
332.200000 2e-008 
332.300000 2e-008 
332.400000 2e-008 
332.500000 2e-008 
332.600000 2e-008 
332.700000 2e-008 
332.800000 2e-008 
332.900000 2e-008 
333.000000 2e-008 
333.100000 2e-008 
333.200000 2e-008 
333.300000 2e-008 
333.400000 2e-008 
333.500000 2e-008 
333.600000 2e-008 
333.700000 2e-008 
333.800000 2e-008 
333.900000 2e-008 
334.000000 2e-008 
334.100000 2e-008 
334.200000 2e-008 
334.300000 2e-008 
334.400000 2e-008 
334.500000 2e-008 
334.600000 2e-008 
334.700000 2e-008 
334.800000 2e-008 
334.900000 2e-008 
335.000000 2e-008 
335.100000 2e-008 
335.200000 2e-008 
335.300000 2e-008 
335.400000 2e-008 
335.500000 2e-008 
335.600000 2e-008 
335.700000 2e-008 
335.800000 2e-008 
335.900000 2e-008 
336.000000 2e-008 
336.100000 2e-008 
336.200000 2e-008 
336.300000 2e-008 
336.400000 2e-008 
336.500000 2e-008 
336.600000 2e-008 
336.700000 2e-008 
336.800000 2e-008 
336.900000 2e-008 
337.000000 2e-008 
337.100000 2e-008 
337.200000 2e-008 
337.300000 2e-008 
337.400000 2e-008 
337.500000 2e-008 
337.600000 2e-008 
337.700000 2e-008 
337.800000 2e-008 
337.900000 2e-008 
338.000000 2e-008 
338.100000 2e-008 
338.200000 2e-008 
338.300000 2e-008 
338.400000 2e-008 
338.500000 2e-008 
338.600000 2e-008 
338.700000 2e-008 
338.800000 2e-008 
338.900000 2e-008 
339.000000 2e-008 
339.100000 2e-008 
339.200000 2e-008 
339.300000 2e-008 
339.400000 2e-008 
339.500000 2e-008 
339.600000 2e-008 
339.700000 2e-008 
339.800000 2e-008 
339.900000 2e-008 
340.000000 2e-008 
340.100000 2e-008 
340.200000 2e-008 
340.300000 2e-008 
340.400000 2e-008 
340.500000 2e-008 
340.600000 2e-008 
340.700000 2e-008 
340.800000 2e-008 
340.900000 2e-008 
341.000000 2e-008 
341.100000 2e-008 
341.200000 2e-008 
341.300000 2e-008 
341.400000 2e-008 
341.500000 2e-008 
341.600000 2e-008 
341.700000 2e-008 
341.800000 2e-008 
341.900000 2e-008 
342.000000 2e-008 
342.100000 2e-008 
342.200000 2e-008 
342.300000 2e-008 
342.400000 2e-008 
342.500000 2e-008 
342.600000 2e-008 
342.700000 2e-008 
342.800000 2e-008 
342.900000 2e-008 
343.000000 2e-008 
343.100000 2e-008 
343.200000 2e-008 
343.300000 2e-008 
343.400000 2e-008 
343.500000 2e-008 
343.600000 2e-008 
343.700000 2e-008 
343.800000 2e-008 
343.900000 2e-008 
344.000000 2e-008 
344.100000 2e-008 
344.200000 2e-008 
344.300000 2e-008 
344.400000 2e-008 
344.500000 2e-008 
344.600000 2e-008 
344.700000 2e-008 
344.800000 2e-008 
344.900000 2e-008 
345.000000 2e-008 
345.100000 2e-008 
345.200000 2e-008 
345.300000 2e-008 
345.400000 2e-008 
345.500000 2e-008 
345.600000 2e-008 
345.700000 2e-008 
345.800000 2e-008 
345.900000 2e-008 
346.000000 2e-008 
346.100000 2e-008 
346.200000 2e-008 
346.300000 2e-008 
346.400000 2e-008 
346.500000 2e-008 
346.600000 2e-008 
346.700000 2e-008 
346.800000 2e-008 
346.900000 2e-008 
347.000000 2e-008 
347.100000 2e-008 
347.200000 2e-008 
347.300000 2e-008 
347.400000 2e-008 
347.500000 2e-008 
347.600000 2e-008 
347.700000 2e-008 
347.800000 2e-008 
347.900000 2e-008 
348.000000 2e-008 
348.100000 2e-008 
348.200000 2e-008 
348.300000 2e-008 
348.400000 2e-008 
348.500000 2e-008 
348.600000 2e-008 
348.700000 2e-008 
348.800000 2e-008 
348.900000 2e-008 
349.000000 2e-008 
349.100000 2e-008 
349.200000 2e-008 
349.300000 2e-008 
349.400000 2e-008 
349.500000 2e-008 
349.600000 2e-008 
349.700000 2e-008 
349.800000 2e-008 
349.900000 2e-008 
350.000000 2e-008 
350.100000 2e-008 
350.200000 2e-008 
350.300000 2e-008 
350.400000 2e-008 
350.500000 2e-008 
350.600000 2e-008 
350.700000 2e-008 
350.800000 2e-008 
350.900000 2e-008 
351.000000 2e-008 
351.100000 2e-008 
351.200000 2e-008 
351.300000 2e-008 
351.400000 2e-008 
351.500000 2e-008 
351.600000 2e-008 
351.700000 2e-008 
351.800000 2e-008 
351.900000 2e-008 
352.000000 2e-008 
352.100000 2e-008 
352.200000 2e-008 
352.300000 2e-008 
352.400000 2e-008 
352.500000 2e-008 
352.600000 2e-008 
352.700000 2e-008 
352.800000 2e-008 
352.900000 2e-008 
353.000000 2e-008 
353.100000 2e-008 
353.200000 2e-008 
353.300000 2e-008 
353.400000 2e-008 
353.500000 2e-008 
353.600000 2e-008 
353.700000 2e-008 
353.800000 2e-008 
353.900000 2e-008 
354.000000 2e-008 
354.100000 2e-008 
354.200000 2e-008 
354.300000 2e-008 
354.400000 2e-008 
354.500000 2e-008 
354.600000 2e-008 
354.700000 2e-008 
354.800000 2e-008 
354.900000 2e-008 
355.000000 2e-008 
355.100000 2e-008 
355.200000 2e-008 
355.300000 2e-008 
355.400000 2e-008 
355.500000 2e-008 
355.600000 2e-008 
355.700000 2e-008 
355.800000 2e-008 
355.900000 2e-008 
356.000000 2e-008 
356.100000 2e-008 
356.200000 2e-008 
356.300000 2e-008 
356.400000 2e-008 
356.500000 2e-008 
356.600000 2e-008 
356.700000 2e-008 
356.800000 2e-008 
356.900000 2e-008 
357.000000 2e-008 
357.100000 2e-008 
357.200000 2e-008 
357.300000 2e-008 
357.400000 2e-008 
357.500000 2e-008 
357.600000 2e-008 
357.700000 2e-008 
357.800000 2e-008 
357.900000 2e-008 
358.000000 2e-008 
358.100000 2e-008 
358.200000 2e-008 
358.300000 2e-008 
358.400000 2e-008 
358.500000 2e-008 
358.600000 2e-008 
358.700000 2e-008 
358.800000 2e-008 
358.900000 2e-008 
359.000000 2e-008 
359.100000 2e-008 
359.200000 2e-008 
359.300000 2e-008 
359.400000 2e-008 
359.500000 2e-008 
359.600000 2e-008 
359.700000 2e-008 
359.800000 2e-008 
359.900000 2e-008 
360.000000 2e-008 
360.100000 2e-008 
360.200000 2e-008 
360.300000 2e-008 
360.400000 2e-008 
360.500000 2e-008 
360.600000 2e-008 
360.700000 2e-008 
360.800000 2e-008 
360.900000 2e-008 
361.000000 2e-008 
361.100000 2e-008 
361.200000 2e-008 
361.300000 2e-008 
361.400000 2e-008 
361.500000 2e-008 
361.600000 2e-008 
361.700000 2e-008 
361.800000 2e-008 
361.900000 2e-008 
362.000000 2e-008 
362.100000 2e-008 
362.200000 2e-008 
362.300000 2e-008 
362.400000 2e-008 
362.500000 2e-008 
362.600000 2e-008 
362.700000 2e-008 
362.800000 2e-008 
362.900000 2e-008 
363.000000 2e-008 
363.100000 2e-008 
363.200000 2e-008 
363.300000 2e-008 
363.400000 2e-008 
363.500000 2e-008 
363.600000 2e-008 
363.700000 2e-008 
363.800000 2e-008 
363.900000 2e-008 
364.000000 2e-008 
364.100000 2e-008 
364.200000 2e-008 
364.300000 2e-008 
364.400000 2e-008 
364.500000 2e-008 
364.600000 2e-008 
364.700000 2e-008 
364.800000 2e-008 
364.900000 2e-008 
365.000000 2e-008 
365.100000 2e-008 
365.200000 2e-008 
365.300000 2e-008 
365.400000 2e-008 
365.500000 2e-008 
365.600000 2e-008 
365.700000 2e-008 
365.800000 2e-008 
365.900000 2e-008 
366.000000 2e-008 
366.100000 2e-008 
366.200000 2e-008 
366.300000 2e-008 
366.400000 2e-008 
366.500000 2e-008 
366.600000 2e-008 
366.700000 2e-008 
366.800000 2e-008 
366.900000 2e-008 
367.000000 2e-008 
367.100000 2e-008 
367.200000 2e-008 
367.300000 2e-008 
367.400000 2e-008 
367.500000 2e-008 
367.600000 2e-008 
367.700000 2e-008 
367.800000 2e-008 
367.900000 2e-008 
368.000000 2e-008 
368.100000 2e-008 
368.200000 2e-008 
368.300000 2e-008 
368.400000 2e-008 
368.500000 2e-008 
368.600000 2e-008 
368.700000 2e-008 
368.800000 2e-008 
368.900000 2e-008 
369.000000 2e-008 
369.100000 2e-008 
369.200000 2e-008 
369.300000 2e-008 
369.400000 2e-008 
369.500000 2e-008 
369.600000 2e-008 
369.700000 2e-008 
369.800000 2e-008 
369.900000 2e-008 
370.000000 2e-008 
370.100000 2e-008 
370.200000 2e-008 
370.300000 2e-008 
370.400000 2e-008 
370.500000 2e-008 
370.600000 2e-008 
370.700000 2e-008 
370.800000 2e-008 
370.900000 2e-008 
371.000000 2e-008 
371.100000 2e-008 
371.200000 2e-008 
371.300000 2e-008 
371.400000 2e-008 
371.500000 2e-008 
371.600000 2e-008 
371.700000 2e-008 
371.800000 2e-008 
371.900000 2e-008 
372.000000 2e-008 
372.100000 2e-008 
372.200000 2e-008 
372.300000 2e-008 
372.400000 2e-008 
372.500000 2e-008 
372.600000 2e-008 
372.700000 2e-008 
372.800000 2e-008 
372.900000 2e-008 
373.000000 2e-008 
373.100000 2e-008 
373.200000 2e-008 
373.300000 2e-008 
373.400000 2e-008 
373.500000 2e-008 
373.600000 2e-008 
373.700000 2e-008 
373.800000 2e-008 
373.900000 2e-008 
374.000000 2e-008 
374.100000 2e-008 
374.200000 2e-008 
374.300000 2e-008 
374.400000 2e-008 
374.500000 2e-008 
374.600000 2e-008 
374.700000 2e-008 
374.800000 2e-008 
374.900000 2e-008 
375.000000 2e-008 
375.100000 2e-008 
375.200000 2e-008 
375.300000 2e-008 
375.400000 2e-008 
