0.000000 1 
0.100000 0.60527 
0.200000 0.47458 
0.300000 0.3784 
0.400000 0.30658 
0.500000 0.25139 
0.600000 0.20969 
0.700000 0.17633 
0.800000 0.14894 
0.900000 0.12745 
1.000000 0.10953 
1.100000 0.09533 
1.200000 0.08362 
1.300000 0.0731 
1.400000 0.0644 
1.500000 0.0573 
1.600000 0.05135 
1.700000 0.04614 
1.800000 0.04202 
1.900000 0.03799 
2.000000 0.03456 
2.100000 0.03138 
2.200000 0.02855 
2.300000 0.02619 
2.400000 0.02389 
2.500000 0.02217 
2.600000 0.02041 
2.700000 0.01886 
2.800000 0.01777 
2.900000 0.01646 
3.000000 0.01511 
3.100000 0.01398 
3.200000 0.01304 
3.300000 0.01212 
3.400000 0.01138 
3.500000 0.01057 
3.600000 0.01 
3.700000 0.00952 
3.800000 0.00899 
3.900000 0.00842 
4.000000 0.00789 
4.100000 0.0074 
4.200000 0.007 
4.300000 0.00661 
4.400000 0.00616 
4.500000 0.00574 
4.600000 0.00547 
4.700000 0.0052 
4.800000 0.00499 
4.900000 0.0047 
5.000000 0.00449 
5.100000 0.00433 
5.200000 0.00409 
5.300000 0.0039 
5.400000 0.00367 
5.500000 0.00348 
5.600000 0.00337 
5.700000 0.00318 
5.800000 0.00298 
5.900000 0.00287 
6.000000 0.00276 
6.100000 0.00261 
6.200000 0.00249 
6.300000 0.00237 
6.400000 0.00228 
6.500000 0.00221 
6.600000 0.00208 
6.700000 0.002 
6.800000 0.00195 
6.900000 0.00193 
7.000000 0.00186 
7.100000 0.0018 
7.200000 0.00175 
7.300000 0.00166 
7.400000 0.00163 
7.500000 0.00158 
7.600000 0.00153 
7.700000 0.00153 
7.800000 0.00146 
7.900000 0.00144 
8.000000 0.00139 
8.100000 0.00137 
8.200000 0.00133 
8.300000 0.00129 
8.400000 0.00122 
8.500000 0.00115 
8.600000 0.00112 
8.700000 0.00109 
8.800000 0.00106 
8.900000 0.00105 
9.000000 0.00101 
9.100000 0.00098 
9.200000 0.00098 
9.300000 0.00097 
9.400000 0.00091 
9.500000 0.0009 
9.600000 0.00088 
9.700000 0.00086 
9.800000 0.00084 
9.900000 0.00082 
10.000000 0.00078 
10.100000 0.00075 
10.200000 0.00073 
10.300000 0.00071 
10.400000 0.00068 
10.500000 0.00066 
10.600000 0.00065 
10.700000 0.00065 
10.800000 0.00065 
10.900000 0.00063 
11.000000 0.00061 
11.100000 0.0006 
11.200000 0.00058 
11.300000 0.00057 
11.400000 0.00057 
11.500000 0.00054 
11.600000 0.00053 
11.700000 0.00051 
11.800000 0.00051 
11.900000 0.00048 
12.000000 0.00048 
12.100000 0.00047 
12.200000 0.00046 
12.300000 0.00045 
12.400000 0.00043 
12.500000 0.00043 
12.600000 0.00042 
12.700000 0.00042 
12.800000 0.00041 
12.900000 0.00039 
13.000000 0.00039 
13.100000 0.00038 
13.200000 0.00038 
13.300000 0.00037 
13.400000 0.00036 
13.500000 0.00035 
13.600000 0.00031 
13.700000 0.00031 
13.800000 0.00031 
13.900000 0.00031 
14.000000 0.0003 
14.100000 0.0003 
14.200000 0.00029 
14.300000 0.00028 
14.400000 0.00028 
14.500000 0.00028 
14.600000 0.00028 
14.700000 0.00028 
14.800000 0.00028 
14.900000 0.00028 
15.000000 0.00028 
15.100000 0.00027 
15.200000 0.00026 
15.300000 0.00026 
15.400000 0.00025 
15.500000 0.00024 
15.600000 0.00024 
15.700000 0.00024 
15.800000 0.00024 
15.900000 0.00024 
16.000000 0.00021 
16.100000 0.0002 
16.200000 0.0002 
16.300000 0.0002 
16.400000 0.0002 
16.500000 0.0002 
16.600000 0.00018 
16.700000 0.00018 
16.800000 0.00017 
16.900000 0.00017 
17.000000 0.00017 
17.100000 0.00017 
17.200000 0.00017 
17.300000 0.00017 
17.400000 0.00016 
17.500000 0.00016 
17.600000 0.00015 
17.700000 0.00015 
17.800000 0.00015 
17.900000 0.00014 
18.000000 0.00014 
18.100000 0.00014 
18.200000 0.00014 
18.300000 0.00014 
18.400000 0.00014 
18.500000 0.00014 
18.600000 0.00014 
18.700000 0.00014 
18.800000 0.00014 
18.900000 0.00014 
19.000000 0.00014 
19.100000 0.00014 
19.200000 0.00013 
19.300000 0.00013 
19.400000 0.00013 
19.500000 0.00013 
19.600000 0.00013 
19.700000 0.00013 
19.800000 0.00012 
19.900000 0.00012 
20.000000 0.00012 
20.100000 0.00012 
20.200000 0.00012 
20.300000 0.00012 
20.400000 0.00012 
20.500000 0.00012 
20.600000 0.00012 
20.700000 0.00011 
20.800000 0.00011 
20.900000 0.0001 
21.000000 0.0001 
21.100000 0.0001 
21.200000 8e-005 
21.300000 8e-005 
21.400000 8e-005 
21.500000 8e-005 
21.600000 8e-005 
21.700000 8e-005 
21.800000 7e-005 
21.900000 7e-005 
22.000000 6e-005 
22.100000 6e-005 
22.200000 6e-005 
22.300000 6e-005 
22.400000 6e-005 
22.500000 6e-005 
22.600000 6e-005 
22.700000 6e-005 
22.800000 6e-005 
22.900000 6e-005 
23.000000 6e-005 
23.100000 6e-005 
23.200000 6e-005 
23.300000 6e-005 
23.400000 4e-005 
23.500000 4e-005 
23.600000 4e-005 
23.700000 4e-005 
23.800000 4e-005 
23.900000 4e-005 
24.000000 4e-005 
24.100000 4e-005 
24.200000 4e-005 
24.300000 4e-005 
24.400000 4e-005 
24.500000 4e-005 
24.600000 4e-005 
24.700000 4e-005 
24.800000 4e-005 
24.900000 4e-005 
25.000000 4e-005 
25.100000 4e-005 
25.200000 4e-005 
25.300000 4e-005 
25.400000 4e-005 
25.500000 4e-005 
25.600000 4e-005 
25.700000 4e-005 
25.800000 3e-005 
25.900000 3e-005 
26.000000 3e-005 
26.100000 3e-005 
26.200000 3e-005 
26.300000 3e-005 
26.400000 3e-005 
26.500000 3e-005 
26.600000 3e-005 
26.700000 3e-005 
26.800000 3e-005 
26.900000 3e-005 
27.000000 3e-005 
27.100000 3e-005 
27.200000 3e-005 
27.300000 3e-005 
27.400000 3e-005 
27.500000 3e-005 
27.600000 3e-005 
27.700000 3e-005 
27.800000 3e-005 
27.900000 3e-005 
28.000000 3e-005 
28.100000 3e-005 
28.200000 3e-005 
28.300000 3e-005 
28.400000 2e-005 
28.500000 2e-005 
28.600000 2e-005 
28.700000 2e-005 
28.800000 2e-005 
28.900000 2e-005 
29.000000 2e-005 
29.100000 2e-005 
29.200000 2e-005 
29.300000 2e-005 
29.400000 1e-005 
29.500000 1e-005 
29.600000 1e-005 
29.700000 1e-005 
29.800000 1e-005 
29.900000 1e-005 
30.000000 1e-005 
30.100000 1e-005 
30.200000 1e-005 
30.300000 1e-005 
30.400000 1e-005 
30.500000 1e-005 
30.600000 1e-005 
30.700000 1e-005 
30.800000 1e-005 
30.900000 1e-005 
31.000000 1e-005 
31.100000 1e-005 
31.200000 1e-005 
31.300000 1e-005 
31.400000 1e-005 
31.500000 1e-005 
31.600000 1e-005 
31.700000 1e-005 
31.800000 1e-005 
31.900000 1e-005 
32.000000 1e-005 
32.100000 1e-005 
32.200000 1e-005 
32.300000 1e-005 
32.400000 1e-005 
32.500000 1e-005 
32.600000 1e-005 
32.700000 1e-005 
32.800000 1e-005 
32.900000 1e-005 
33.000000 1e-005 
33.100000 1e-005 
33.200000 1e-005 
33.300000 1e-005 
33.400000 1e-005 
33.500000 1e-005 
33.600000 1e-005 
33.700000 1e-005 
33.800000 1e-005 
33.900000 1e-005 
34.000000 1e-005 
34.100000 1e-005 
34.200000 1e-005 
34.300000 1e-005 
34.400000 1e-005 
34.500000 1e-005 
34.600000 1e-005 
34.700000 1e-005 
34.800000 1e-005 
34.900000 1e-005 
35.000000 1e-005 
35.100000 1e-005 
35.200000 1e-005 
35.300000 1e-005 
35.400000 1e-005 
35.500000 1e-005 
35.600000 1e-005 
35.700000 1e-005 
35.800000 1e-005 
35.900000 1e-005 
36.000000 1e-005 
36.100000 1e-005 
36.200000 1e-005 
36.300000 1e-005 
36.400000 1e-005 
36.500000 1e-005 
