0.000000 1 
0.100000 0.75608 
0.200000 0.59304 
0.300000 0.47588 
0.400000 0.39105 
0.500000 0.32607 
0.600000 0.27601 
0.700000 0.23699 
0.800000 0.20563 
0.900000 0.18023 
1.000000 0.15923 
1.100000 0.14181 
1.200000 0.1274 
1.300000 0.11468 
1.400000 0.10329 
1.500000 0.0939 
1.600000 0.08581 
1.700000 0.07824 
1.800000 0.07196 
1.900000 0.0662 
2.000000 0.06132 
2.100000 0.05726 
2.200000 0.05316 
2.300000 0.04981 
2.400000 0.04616 
2.500000 0.04323 
2.600000 0.0407 
2.700000 0.03836 
2.800000 0.0362 
2.900000 0.03409 
3.000000 0.03223 
3.100000 0.03052 
3.200000 0.02885 
3.300000 0.02732 
3.400000 0.02611 
3.500000 0.02472 
3.600000 0.02374 
3.700000 0.02268 
3.800000 0.02163 
3.900000 0.02056 
4.000000 0.01964 
4.100000 0.01878 
4.200000 0.01813 
4.300000 0.01733 
4.400000 0.01666 
4.500000 0.01593 
4.600000 0.01534 
4.700000 0.01479 
4.800000 0.01434 
4.900000 0.01385 
5.000000 0.01339 
5.100000 0.013 
5.200000 0.01261 
5.300000 0.01216 
5.400000 0.01175 
5.500000 0.01138 
5.600000 0.01094 
5.700000 0.01063 
5.800000 0.01032 
5.900000 0.01004 
6.000000 0.00977 
6.100000 0.00957 
6.200000 0.00928 
6.300000 0.00895 
6.400000 0.00868 
6.500000 0.0084 
6.600000 0.00825 
6.700000 0.00798 
6.800000 0.00774 
6.900000 0.00757 
7.000000 0.00733 
7.100000 0.00713 
7.200000 0.00694 
7.300000 0.00679 
7.400000 0.00661 
7.500000 0.0064 
7.600000 0.00625 
7.700000 0.00611 
7.800000 0.00591 
7.900000 0.00578 
8.000000 0.00561 
8.100000 0.00543 
8.200000 0.00535 
8.300000 0.00529 
8.400000 0.00523 
8.500000 0.00511 
8.600000 0.00499 
8.700000 0.00489 
8.800000 0.00472 
8.900000 0.00465 
9.000000 0.00458 
9.100000 0.00452 
9.200000 0.00438 
9.300000 0.00429 
9.400000 0.00421 
9.500000 0.0041 
9.600000 0.00401 
9.700000 0.00385 
9.800000 0.00374 
9.900000 0.00364 
10.000000 0.0036 
10.100000 0.00353 
10.200000 0.00348 
10.300000 0.00344 
10.400000 0.00339 
10.500000 0.00334 
10.600000 0.00334 
10.700000 0.0033 
10.800000 0.00324 
10.900000 0.00318 
11.000000 0.00312 
11.100000 0.00308 
11.200000 0.00302 
11.300000 0.003 
11.400000 0.00298 
11.500000 0.00293 
11.600000 0.00288 
11.700000 0.00283 
11.800000 0.0028 
11.900000 0.00276 
12.000000 0.00271 
12.100000 0.00265 
12.200000 0.0026 
12.300000 0.00259 
12.400000 0.00252 
12.500000 0.00247 
12.600000 0.00245 
12.700000 0.0024 
12.800000 0.00235 
12.900000 0.00231 
13.000000 0.00228 
13.100000 0.00224 
13.200000 0.00223 
13.300000 0.0022 
13.400000 0.00218 
13.500000 0.00215 
13.600000 0.00212 
13.700000 0.0021 
13.800000 0.00206 
13.900000 0.00201 
14.000000 0.00197 
14.100000 0.00193 
14.200000 0.0019 
14.300000 0.00183 
14.400000 0.00182 
14.500000 0.00179 
14.600000 0.00175 
14.700000 0.00167 
14.800000 0.00165 
14.900000 0.00165 
15.000000 0.00164 
15.100000 0.00163 
15.200000 0.00163 
15.300000 0.00162 
15.400000 0.00158 
15.500000 0.00156 
15.600000 0.00155 
15.700000 0.00152 
15.800000 0.00148 
15.900000 0.00146 
16.000000 0.00143 
16.100000 0.00142 
16.200000 0.00141 
16.300000 0.00139 
16.400000 0.00138 
16.500000 0.00136 
16.600000 0.00136 
16.700000 0.00136 
16.800000 0.00134 
16.900000 0.00131 
17.000000 0.00131 
17.100000 0.0013 
17.200000 0.00129 
17.300000 0.00129 
17.400000 0.00129 
17.500000 0.00129 
17.600000 0.00126 
17.700000 0.00124 
17.800000 0.0012 
17.900000 0.00119 
18.000000 0.00119 
18.100000 0.00117 
18.200000 0.00116 
18.300000 0.00116 
18.400000 0.00112 
18.500000 0.00111 
18.600000 0.00111 
18.700000 0.0011 
18.800000 0.00107 
18.900000 0.00104 
19.000000 0.00104 
19.100000 0.00103 
19.200000 0.00103 
19.300000 0.00102 
19.400000 0.00101 
19.500000 0.001 
19.600000 0.00099 
19.700000 0.00099 
19.800000 0.00098 
19.900000 0.00098 
20.000000 0.00097 
20.100000 0.00096 
20.200000 0.00095 
20.300000 0.00094 
20.400000 0.00092 
20.500000 0.00091 
20.600000 0.0009 
20.700000 0.00088 
20.800000 0.00088 
20.900000 0.00087 
21.000000 0.00087 
21.100000 0.00086 
21.200000 0.00086 
21.300000 0.00084 
21.400000 0.00082 
21.500000 0.00081 
21.600000 0.00081 
21.700000 0.00081 
21.800000 0.00079 
21.900000 0.00076 
22.000000 0.00075 
22.100000 0.00074 
22.200000 0.00074 
22.300000 0.00074 
22.400000 0.00073 
22.500000 0.00073 
22.600000 0.00072 
22.700000 0.00072 
22.800000 0.00071 
22.900000 0.00071 
23.000000 0.00071 
23.100000 0.00071 
23.200000 0.0007 
23.300000 0.0007 
23.400000 0.00068 
23.500000 0.00068 
23.600000 0.00068 
23.700000 0.00068 
23.800000 0.00065 
23.900000 0.00064 
24.000000 0.00064 
24.100000 0.00062 
24.200000 0.00062 
24.300000 0.00062 
24.400000 0.00062 
24.500000 0.00062 
24.600000 0.00061 
24.700000 0.00061 
24.800000 0.00061 
24.900000 0.00059 
25.000000 0.00059 
25.100000 0.00059 
25.200000 0.00059 
25.300000 0.00059 
25.400000 0.00058 
25.500000 0.00058 
25.600000 0.00057 
25.700000 0.00057 
25.800000 0.00056 
25.900000 0.00056 
26.000000 0.00056 
26.100000 0.00054 
26.200000 0.00054 
26.300000 0.00054 
26.400000 0.00053 
26.500000 0.00053 
26.600000 0.00052 
26.700000 0.00051 
26.800000 0.00051 
26.900000 0.00051 
27.000000 0.00051 
27.100000 0.00051 
27.200000 0.00051 
27.300000 0.00051 
27.400000 0.00051 
27.500000 0.00051 
27.600000 0.00051 
27.700000 0.0005 
27.800000 0.0005 
27.900000 0.0005 
28.000000 0.0005 
28.100000 0.00049 
28.200000 0.00049 
28.300000 0.00049 
28.400000 0.00048 
28.500000 0.00048 
28.600000 0.00048 
28.700000 0.00046 
28.800000 0.00046 
28.900000 0.00046 
29.000000 0.00046 
29.100000 0.00045 
29.200000 0.00045 
29.300000 0.00045 
29.400000 0.00045 
29.500000 0.00045 
29.600000 0.00045 
29.700000 0.00045 
29.800000 0.00045 
29.900000 0.00045 
30.000000 0.00044 
30.100000 0.00044 
30.200000 0.00044 
30.300000 0.00043 
30.400000 0.00043 
30.500000 0.00043 
30.600000 0.00042 
30.700000 0.00042 
30.800000 0.00042 
30.900000 0.00042 
31.000000 0.00041 
31.100000 0.00041 
31.200000 0.00041 
31.300000 0.00041 
31.400000 0.00041 
31.500000 0.00041 
31.600000 0.00041 
31.700000 0.00041 
31.800000 0.00041 
31.900000 0.00041 
32.000000 0.00039 
32.100000 0.00039 
32.200000 0.00039 
32.300000 0.00039 
32.400000 0.00039 
32.500000 0.00039 
32.600000 0.00039 
32.700000 0.00039 
32.800000 0.00039 
32.900000 0.00039 
33.000000 0.00039 
33.100000 0.00039 
33.200000 0.00039 
33.300000 0.00039 
33.400000 0.00039 
33.500000 0.00039 
33.600000 0.00039 
33.700000 0.00039 
33.800000 0.00038 
33.900000 0.00038 
34.000000 0.00038 
34.100000 0.00038 
34.200000 0.00037 
34.300000 0.00037 
34.400000 0.00036 
34.500000 0.00036 
34.600000 0.00036 
34.700000 0.00035 
34.800000 0.00035 
34.900000 0.00035 
35.000000 0.00035 
35.100000 0.00035 
35.200000 0.00035 
35.300000 0.00035 
35.400000 0.00035 
35.500000 0.00035 
35.600000 0.00035 
35.700000 0.00035 
35.800000 0.00035 
35.900000 0.00035 
36.000000 0.00035 
36.100000 0.00034 
36.200000 0.00034 
36.300000 0.00034 
36.400000 0.00034 
36.500000 0.00034 
36.600000 0.00034 
36.700000 0.00034 
36.800000 0.00034 
36.900000 0.00034 
37.000000 0.00033 
37.100000 0.00032 
37.200000 0.00032 
37.300000 0.00032 
37.400000 0.00032 
37.500000 0.00032 
37.600000 0.00031 
37.700000 0.00031 
37.800000 0.00031 
37.900000 0.00031 
38.000000 0.00031 
38.100000 0.0003 
38.200000 0.00029 
38.300000 0.00029 
38.400000 0.00029 
38.500000 0.00029 
38.600000 0.00029 
38.700000 0.00029 
38.800000 0.00029 
38.900000 0.00029 
39.000000 0.00029 
39.100000 0.00029 
39.200000 0.00029 
39.300000 0.00028 
39.400000 0.00028 
39.500000 0.00028 
39.600000 0.00028 
39.700000 0.00028 
39.800000 0.00028 
39.900000 0.00028 
40.000000 0.00027 
40.100000 0.00027 
40.200000 0.00027 
40.300000 0.00027 
40.400000 0.00026 
40.500000 0.00026 
40.600000 0.00026 
40.700000 0.00025 
40.800000 0.00025 
40.900000 0.00025 
41.000000 0.00024 
41.100000 0.00024 
41.200000 0.00023 
41.300000 0.00023 
41.400000 0.00023 
41.500000 0.00023 
41.600000 0.00023 
41.700000 0.00023 
41.800000 0.00023 
41.900000 0.00023 
42.000000 0.00023 
42.100000 0.00023 
42.200000 0.00023 
42.300000 0.00023 
42.400000 0.00023 
42.500000 0.00023 
42.600000 0.00023 
42.700000 0.00023 
42.800000 0.00023 
42.900000 0.00022 
43.000000 0.00022 
43.100000 0.00022 
43.200000 0.00021 
43.300000 0.00021 
43.400000 0.00021 
43.500000 0.00021 
43.600000 0.00021 
43.700000 0.0002 
43.800000 0.0002 
43.900000 0.0002 
44.000000 0.0002 
44.100000 0.0002 
44.200000 0.00019 
44.300000 0.00019 
44.400000 0.00019 
44.500000 0.00019 
44.600000 0.00019 
44.700000 0.00018 
44.800000 0.00018 
44.900000 0.00018 
45.000000 0.00018 
45.100000 0.00018 
45.200000 0.00018 
45.300000 0.00018 
45.400000 0.00017 
45.500000 0.00016 
45.600000 0.00016 
45.700000 0.00016 
45.800000 0.00016 
45.900000 0.00016 
46.000000 0.00016 
46.100000 0.00016 
46.200000 0.00016 
46.300000 0.00016 
46.400000 0.00016 
46.500000 0.00016 
46.600000 0.00016 
46.700000 0.00016 
46.800000 0.00016 
46.900000 0.00016 
47.000000 0.00016 
47.100000 0.00016 
47.200000 0.00016 
47.300000 0.00016 
47.400000 0.00016 
47.500000 0.00016 
47.600000 0.00016 
47.700000 0.00016 
47.800000 0.00016 
47.900000 0.00016 
48.000000 0.00016 
48.100000 0.00016 
48.200000 0.00016 
48.300000 0.00016 
48.400000 0.00016 
48.500000 0.00016 
48.600000 0.00016 
48.700000 0.00016 
48.800000 0.00016 
48.900000 0.00016 
49.000000 0.00016 
49.100000 0.00016 
49.200000 0.00016 
49.300000 0.00016 
49.400000 0.00016 
49.500000 0.00016 
49.600000 0.00016 
49.700000 0.00016 
49.800000 0.00016 
49.900000 0.00016 
50.000000 0.00016 
50.100000 0.00016 
50.200000 0.00016 
50.300000 0.00016 
50.400000 0.00016 
50.500000 0.00015 
50.600000 0.00015 
50.700000 0.00014 
50.800000 0.00014 
50.900000 0.00013 
51.000000 0.00013 
51.100000 0.00013 
51.200000 0.00013 
51.300000 0.00013 
51.400000 0.00013 
51.500000 0.00013 
51.600000 0.00013 
51.700000 0.00013 
51.800000 0.00013 
51.900000 0.00013 
52.000000 0.00012 
52.100000 0.00012 
52.200000 0.00012 
52.300000 0.00012 
52.400000 0.00012 
52.500000 0.00012 
52.600000 0.00012 
52.700000 0.00012 
52.800000 0.00012 
52.900000 0.00012 
53.000000 0.00012 
53.100000 0.00012 
53.200000 0.00011 
53.300000 0.00011 
53.400000 0.00011 
53.500000 0.00011 
53.600000 0.00011 
53.700000 0.00011 
53.800000 0.00011 
53.900000 0.00011 
54.000000 0.00011 
54.100000 0.00011 
54.200000 0.00011 
54.300000 0.00011 
54.400000 0.00011 
54.500000 0.00011 
54.600000 0.00011 
54.700000 0.00011 
54.800000 0.00011 
54.900000 0.00011 
55.000000 0.00011 
55.100000 0.00011 
55.200000 0.00011 
55.300000 0.00011 
55.400000 0.00011 
55.500000 0.00011 
55.600000 0.00011 
55.700000 0.00011 
55.800000 0.00011 
55.900000 0.00011 
56.000000 0.00011 
56.100000 0.00011 
56.200000 0.00011 
56.300000 0.00011 
56.400000 0.00011 
56.500000 0.00011 
56.600000 0.00011 
56.700000 0.00011 
56.800000 0.00011 
56.900000 0.00011 
57.000000 0.00011 
57.100000 0.00011 
57.200000 0.00011 
57.300000 0.00011 
57.400000 0.00011 
57.500000 0.00011 
57.600000 0.00011 
57.700000 0.00011 
57.800000 0.00011 
57.900000 0.0001 
58.000000 0.0001 
58.100000 0.0001 
58.200000 9e-005 
58.300000 9e-005 
58.400000 9e-005 
58.500000 9e-005 
58.600000 9e-005 
58.700000 9e-005 
58.800000 9e-005 
58.900000 9e-005 
59.000000 9e-005 
59.100000 9e-005 
59.200000 9e-005 
59.300000 9e-005 
59.400000 9e-005 
59.500000 9e-005 
59.600000 9e-005 
59.700000 9e-005 
59.800000 9e-005 
59.900000 9e-005 
60.000000 9e-005 
60.100000 9e-005 
60.200000 9e-005 
60.300000 9e-005 
60.400000 9e-005 
60.500000 9e-005 
60.600000 9e-005 
60.700000 9e-005 
60.800000 9e-005 
60.900000 9e-005 
61.000000 9e-005 
61.100000 9e-005 
61.200000 9e-005 
61.300000 9e-005 
61.400000 9e-005 
61.500000 9e-005 
61.600000 9e-005 
61.700000 9e-005 
61.800000 9e-005 
61.900000 9e-005 
62.000000 9e-005 
62.100000 9e-005 
62.200000 9e-005 
62.300000 9e-005 
62.400000 9e-005 
62.500000 9e-005 
62.600000 9e-005 
62.700000 9e-005 
62.800000 9e-005 
62.900000 9e-005 
63.000000 8e-005 
63.100000 8e-005 
63.200000 8e-005 
63.300000 8e-005 
63.400000 8e-005 
63.500000 7e-005 
63.600000 7e-005 
63.700000 7e-005 
63.800000 7e-005 
63.900000 7e-005 
64.000000 7e-005 
64.100000 7e-005 
64.200000 7e-005 
64.300000 7e-005 
64.400000 7e-005 
64.500000 7e-005 
64.600000 7e-005 
64.700000 7e-005 
64.800000 7e-005 
64.900000 7e-005 
65.000000 7e-005 
65.100000 7e-005 
65.200000 7e-005 
65.300000 7e-005 
65.400000 7e-005 
65.500000 7e-005 
65.600000 7e-005 
65.700000 7e-005 
65.800000 7e-005 
65.900000 7e-005 
66.000000 7e-005 
66.100000 6e-005 
66.200000 6e-005 
66.300000 6e-005 
66.400000 6e-005 
66.500000 6e-005 
66.600000 6e-005 
66.700000 6e-005 
66.800000 6e-005 
66.900000 6e-005 
67.000000 6e-005 
67.100000 6e-005 
67.200000 6e-005 
67.300000 6e-005 
67.400000 6e-005 
67.500000 6e-005 
67.600000 6e-005 
67.700000 6e-005 
67.800000 6e-005 
67.900000 6e-005 
68.000000 6e-005 
68.100000 6e-005 
68.200000 6e-005 
68.300000 6e-005 
68.400000 6e-005 
68.500000 6e-005 
68.600000 6e-005 
68.700000 6e-005 
68.800000 6e-005 
68.900000 6e-005 
69.000000 6e-005 
69.100000 6e-005 
69.200000 6e-005 
69.300000 6e-005 
69.400000 6e-005 
69.500000 6e-005 
69.600000 6e-005 
69.700000 6e-005 
69.800000 6e-005 
69.900000 6e-005 
70.000000 6e-005 
70.100000 6e-005 
70.200000 6e-005 
70.300000 6e-005 
70.400000 6e-005 
70.500000 6e-005 
70.600000 6e-005 
70.700000 6e-005 
70.800000 6e-005 
70.900000 6e-005 
71.000000 6e-005 
71.100000 6e-005 
71.200000 6e-005 
71.300000 6e-005 
71.400000 6e-005 
71.500000 6e-005 
71.600000 6e-005 
71.700000 6e-005 
71.800000 6e-005 
71.900000 6e-005 
72.000000 6e-005 
72.100000 6e-005 
72.200000 6e-005 
72.300000 6e-005 
72.400000 6e-005 
72.500000 6e-005 
72.600000 6e-005 
72.700000 6e-005 
72.800000 6e-005 
72.900000 6e-005 
73.000000 6e-005 
73.100000 6e-005 
73.200000 6e-005 
73.300000 6e-005 
73.400000 6e-005 
73.500000 6e-005 
73.600000 6e-005 
73.700000 6e-005 
73.800000 6e-005 
73.900000 6e-005 
74.000000 6e-005 
74.100000 6e-005 
74.200000 6e-005 
74.300000 6e-005 
74.400000 6e-005 
74.500000 6e-005 
74.600000 6e-005 
74.700000 6e-005 
74.800000 6e-005 
74.900000 6e-005 
75.000000 5e-005 
75.100000 5e-005 
75.200000 5e-005 
75.300000 5e-005 
75.400000 5e-005 
75.500000 5e-005 
75.600000 5e-005 
75.700000 5e-005 
75.800000 5e-005 
75.900000 5e-005 
76.000000 5e-005 
76.100000 5e-005 
76.200000 5e-005 
76.300000 5e-005 
76.400000 5e-005 
76.500000 5e-005 
76.600000 5e-005 
76.700000 5e-005 
76.800000 5e-005 
76.900000 5e-005 
77.000000 5e-005 
77.100000 5e-005 
77.200000 5e-005 
77.300000 5e-005 
77.400000 5e-005 
77.500000 4e-005 
77.600000 4e-005 
77.700000 4e-005 
77.800000 4e-005 
77.900000 4e-005 
78.000000 4e-005 
78.100000 4e-005 
78.200000 4e-005 
78.300000 4e-005 
78.400000 4e-005 
78.500000 4e-005 
78.600000 4e-005 
78.700000 4e-005 
78.800000 4e-005 
78.900000 4e-005 
79.000000 3e-005 
79.100000 3e-005 
79.200000 3e-005 
79.300000 3e-005 
79.400000 3e-005 
79.500000 3e-005 
79.600000 3e-005 
79.700000 3e-005 
79.800000 3e-005 
79.900000 3e-005 
80.000000 3e-005 
80.100000 3e-005 
80.200000 3e-005 
80.300000 3e-005 
80.400000 3e-005 
80.500000 3e-005 
80.600000 3e-005 
80.700000 3e-005 
80.800000 3e-005 
80.900000 3e-005 
81.000000 3e-005 
81.100000 3e-005 
81.200000 3e-005 
81.300000 3e-005 
81.400000 3e-005 
81.500000 3e-005 
81.600000 3e-005 
81.700000 3e-005 
81.800000 3e-005 
81.900000 3e-005 
82.000000 3e-005 
82.100000 3e-005 
82.200000 3e-005 
82.300000 3e-005 
82.400000 3e-005 
82.500000 3e-005 
82.600000 3e-005 
82.700000 3e-005 
82.800000 3e-005 
82.900000 3e-005 
83.000000 3e-005 
83.100000 3e-005 
83.200000 3e-005 
83.300000 3e-005 
83.400000 3e-005 
83.500000 3e-005 
83.600000 3e-005 
83.700000 3e-005 
83.800000 3e-005 
83.900000 3e-005 
84.000000 3e-005 
84.100000 3e-005 
84.200000 3e-005 
84.300000 3e-005 
84.400000 3e-005 
84.500000 3e-005 
84.600000 3e-005 
84.700000 3e-005 
84.800000 3e-005 
84.900000 3e-005 
85.000000 3e-005 
85.100000 3e-005 
85.200000 3e-005 
85.300000 3e-005 
85.400000 3e-005 
85.500000 3e-005 
85.600000 3e-005 
85.700000 3e-005 
85.800000 3e-005 
85.900000 3e-005 
86.000000 3e-005 
86.100000 3e-005 
86.200000 3e-005 
86.300000 3e-005 
86.400000 3e-005 
86.500000 3e-005 
86.600000 3e-005 
86.700000 3e-005 
86.800000 3e-005 
86.900000 3e-005 
87.000000 3e-005 
87.100000 3e-005 
87.200000 3e-005 
87.300000 3e-005 
87.400000 3e-005 
87.500000 3e-005 
87.600000 3e-005 
87.700000 2e-005 
87.800000 2e-005 
87.900000 2e-005 
88.000000 2e-005 
88.100000 2e-005 
88.200000 2e-005 
88.300000 2e-005 
88.400000 2e-005 
88.500000 2e-005 
88.600000 1e-005 
88.700000 1e-005 
88.800000 1e-005 
88.900000 1e-005 
89.000000 1e-005 
89.100000 1e-005 
89.200000 1e-005 
