0.000000 1 
0.100000 0.767577 
0.200000 0.602181 
0.300000 0.481414 
0.400000 0.390527 
0.500000 0.321298 
0.600000 0.267132 
0.700000 0.224756 
0.800000 0.190523 
0.900000 0.163449 
1.000000 0.141094 
1.100000 0.122698 
1.200000 0.107182 
1.300000 0.0943 
1.400000 0.083353 
1.500000 0.073914 
1.600000 0.0659 
1.700000 0.059027 
1.800000 0.053041 
1.900000 0.047876 
2.000000 0.043214 
2.100000 0.039319 
2.200000 0.035792 
2.300000 0.032683 
2.400000 0.03002 
2.500000 0.027571 
2.600000 0.025401 
2.700000 0.023414 
2.800000 0.021653 
2.900000 0.020088 
3.000000 0.018666 
3.100000 0.017304 
3.200000 0.016134 
3.300000 0.015068 
3.400000 0.014077 
3.500000 0.013202 
3.600000 0.012363 
3.700000 0.01165 
3.800000 0.010936 
3.900000 0.010313 
4.000000 0.009735 
4.100000 0.009185 
4.200000 0.008671 
4.300000 0.008193 
4.400000 0.007736 
4.500000 0.007317 
4.600000 0.006951 
4.700000 0.006586 
4.800000 0.006238 
4.900000 0.00591 
5.000000 0.005615 
5.100000 0.005325 
5.200000 0.005083 
5.300000 0.004862 
5.400000 0.004634 
5.500000 0.004403 
5.600000 0.00418 
5.700000 0.004003 
5.800000 0.003845 
5.900000 0.003683 
6.000000 0.003523 
6.100000 0.00338 
6.200000 0.003216 
6.300000 0.003091 
6.400000 0.00296 
6.500000 0.002852 
6.600000 0.002756 
6.700000 0.002646 
6.800000 0.00254 
6.900000 0.002448 
7.000000 0.002363 
7.100000 0.002274 
7.200000 0.002209 
7.300000 0.002122 
7.400000 0.002054 
7.500000 0.001983 
7.600000 0.001917 
7.700000 0.001842 
7.800000 0.001794 
7.900000 0.001728 
8.000000 0.001666 
8.100000 0.001616 
8.200000 0.00156 
8.300000 0.001493 
8.400000 0.00144 
8.500000 0.001394 
8.600000 0.001351 
8.700000 0.001322 
8.800000 0.001286 
8.900000 0.001243 
9.000000 0.001206 
9.100000 0.001163 
9.200000 0.001131 
9.300000 0.001102 
9.400000 0.001076 
9.500000 0.00105 
9.600000 0.001023 
9.700000 0.000995 
9.800000 0.000976 
9.900000 0.000948 
10.000000 0.000928 
10.100000 0.000901 
10.200000 0.000876 
10.300000 0.000854 
10.400000 0.000821 
10.500000 0.000805 
10.600000 0.000791 
10.700000 0.000765 
10.800000 0.000754 
10.900000 0.000741 
11.000000 0.00072 
11.100000 0.000707 
11.200000 0.000691 
11.300000 0.000677 
11.400000 0.000659 
11.500000 0.000644 
11.600000 0.000627 
11.700000 0.000611 
11.800000 0.000595 
11.900000 0.000574 
12.000000 0.000562 
12.100000 0.000551 
12.200000 0.000539 
12.300000 0.000531 
12.400000 0.000519 
12.500000 0.000507 
12.600000 0.000495 
12.700000 0.000484 
12.800000 0.000475 
12.900000 0.000465 
13.000000 0.000455 
13.100000 0.000446 
13.200000 0.000441 
13.300000 0.000436 
13.400000 0.000423 
13.500000 0.000415 
13.600000 0.000409 
13.700000 0.000402 
13.800000 0.000394 
13.900000 0.000384 
14.000000 0.000382 
14.100000 0.000378 
14.200000 0.000372 
14.300000 0.000365 
14.400000 0.000362 
14.500000 0.000357 
14.600000 0.000357 
14.700000 0.000352 
14.800000 0.000344 
14.900000 0.000339 
15.000000 0.000336 
15.100000 0.000333 
15.200000 0.000322 
15.300000 0.000318 
15.400000 0.000309 
15.500000 0.000304 
15.600000 0.000297 
15.700000 0.000291 
15.800000 0.000284 
15.900000 0.00028 
16.000000 0.000275 
16.100000 0.000271 
16.200000 0.000261 
16.300000 0.000259 
16.400000 0.000254 
16.500000 0.000252 
16.600000 0.000245 
16.700000 0.000241 
16.800000 0.000235 
16.900000 0.00023 
17.000000 0.000226 
17.100000 0.000224 
17.200000 0.000219 
17.300000 0.000216 
17.400000 0.000212 
17.500000 0.000207 
17.600000 0.000207 
17.700000 0.000203 
17.800000 0.0002 
17.900000 0.000197 
18.000000 0.000195 
18.100000 0.000193 
18.200000 0.00019 
18.300000 0.000187 
18.400000 0.000184 
18.500000 0.000179 
18.600000 0.000178 
18.700000 0.000175 
18.800000 0.000171 
18.900000 0.000167 
19.000000 0.000165 
19.100000 0.000161 
19.200000 0.000158 
19.300000 0.000156 
19.400000 0.000153 
19.500000 0.00015 
19.600000 0.000147 
19.700000 0.000145 
19.800000 0.000142 
19.900000 0.00014 
20.000000 0.000136 
20.100000 0.000133 
20.200000 0.000132 
20.300000 0.000129 
20.400000 0.000127 
20.500000 0.000126 
20.600000 0.000126 
20.700000 0.000124 
20.800000 0.000123 
20.900000 0.000122 
21.000000 0.000121 
21.100000 0.000121 
21.200000 0.000121 
21.300000 0.00012 
21.400000 0.000118 
21.500000 0.000117 
21.600000 0.000116 
21.700000 0.000114 
21.800000 0.000111 
21.900000 0.000107 
22.000000 0.000104 
22.100000 0.000101 
22.200000 0.0001 
22.300000 9.9e-005 
22.400000 9.8e-005 
22.500000 9.6e-005 
22.600000 9.6e-005 
22.700000 9.6e-005 
22.800000 9.3e-005 
22.900000 9.2e-005 
23.000000 9.1e-005 
23.100000 9e-005 
23.200000 8.7e-005 
23.300000 8.6e-005 
23.400000 8.5e-005 
23.500000 8.5e-005 
23.600000 8.2e-005 
23.700000 8.1e-005 
23.800000 8.1e-005 
23.900000 8e-005 
24.000000 8e-005 
24.100000 8e-005 
24.200000 7.8e-005 
24.300000 7.8e-005 
24.400000 7.6e-005 
24.500000 7.4e-005 
24.600000 7.2e-005 
24.700000 7.1e-005 
24.800000 7.1e-005 
24.900000 7e-005 
25.000000 6.9e-005 
25.100000 6.8e-005 
25.200000 6.7e-005 
25.300000 6.7e-005 
25.400000 6.7e-005 
25.500000 6.6e-005 
25.600000 6.6e-005 
25.700000 6.6e-005 
25.800000 6.5e-005 
25.900000 6.5e-005 
26.000000 6.4e-005 
26.100000 6.3e-005 
26.200000 6.3e-005 
26.300000 6.1e-005 
26.400000 6.1e-005 
26.500000 6.1e-005 
26.600000 5.9e-005 
26.700000 5.9e-005 
26.800000 5.9e-005 
26.900000 5.8e-005 
27.000000 5.8e-005 
27.100000 5.6e-005 
27.200000 5.5e-005 
27.300000 5.5e-005 
27.400000 5.4e-005 
27.500000 5.3e-005 
27.600000 5.2e-005 
27.700000 5.2e-005 
27.800000 5.2e-005 
27.900000 5e-005 
28.000000 4.9e-005 
28.100000 4.9e-005 
28.200000 4.9e-005 
28.300000 4.9e-005 
28.400000 4.8e-005 
28.500000 4.7e-005 
28.600000 4.6e-005 
28.700000 4.4e-005 
28.800000 4.2e-005 
28.900000 4.2e-005 
29.000000 4.1e-005 
29.100000 4.1e-005 
29.200000 4.1e-005 
29.300000 4.1e-005 
29.400000 4e-005 
29.500000 4e-005 
29.600000 3.9e-005 
29.700000 3.9e-005 
29.800000 3.9e-005 
29.900000 3.9e-005 
30.000000 3.9e-005 
30.100000 3.9e-005 
30.200000 3.9e-005 
30.300000 3.9e-005 
30.400000 3.7e-005 
30.500000 3.7e-005 
30.600000 3.6e-005 
30.700000 3.6e-005 
30.800000 3.6e-005 
30.900000 3.6e-005 
31.000000 3.5e-005 
31.100000 3.5e-005 
31.200000 3.5e-005 
31.300000 3.5e-005 
31.400000 3.5e-005 
31.500000 3.5e-005 
31.600000 3.5e-005 
31.700000 3.5e-005 
31.800000 3.5e-005 
31.900000 3.5e-005 
32.000000 3.5e-005 
32.100000 3.5e-005 
32.200000 3.4e-005 
32.300000 3.4e-005 
32.400000 3.4e-005 
32.500000 3.4e-005 
32.600000 3.4e-005 
32.700000 3.4e-005 
32.800000 3.4e-005 
32.900000 3.4e-005 
33.000000 3.4e-005 
33.100000 3.4e-005 
33.200000 3.3e-005 
33.300000 3.3e-005 
33.400000 3.3e-005 
33.500000 3.3e-005 
33.600000 3.3e-005 
33.700000 3.3e-005 
33.800000 3.3e-005 
33.900000 3.3e-005 
34.000000 3.3e-005 
34.100000 3.3e-005 
34.200000 3.3e-005 
34.300000 3.2e-005 
34.400000 3.1e-005 
34.500000 3.1e-005 
34.600000 3.1e-005 
34.700000 3.1e-005 
34.800000 3.1e-005 
34.900000 3.1e-005 
35.000000 3.1e-005 
35.100000 3e-005 
35.200000 3e-005 
35.300000 2.9e-005 
35.400000 2.9e-005 
35.500000 2.9e-005 
35.600000 2.8e-005 
35.700000 2.8e-005 
35.800000 2.8e-005 
35.900000 2.8e-005 
36.000000 2.7e-005 
36.100000 2.6e-005 
36.200000 2.6e-005 
36.300000 2.6e-005 
36.400000 2.6e-005 
36.500000 2.6e-005 
36.600000 2.6e-005 
36.700000 2.6e-005 
36.800000 2.6e-005 
36.900000 2.6e-005 
37.000000 2.6e-005 
37.100000 2.5e-005 
37.200000 2.5e-005 
37.300000 2.5e-005 
37.400000 2.5e-005 
37.500000 2.5e-005 
37.600000 2.5e-005 
37.700000 2.4e-005 
37.800000 2.4e-005 
37.900000 2.3e-005 
38.000000 2.2e-005 
38.100000 2.2e-005 
38.200000 2.2e-005 
38.300000 2.2e-005 
38.400000 2.2e-005 
38.500000 2.2e-005 
38.600000 2.2e-005 
38.700000 2.2e-005 
38.800000 2.2e-005 
38.900000 2.2e-005 
39.000000 2.2e-005 
39.100000 2.2e-005 
39.200000 2.2e-005 
39.300000 2.1e-005 
39.400000 2.1e-005 
39.500000 2.1e-005 
39.600000 2.1e-005 
39.700000 2.1e-005 
39.800000 2.1e-005 
39.900000 2.1e-005 
40.000000 2.1e-005 
40.100000 2.1e-005 
40.200000 1.9e-005 
40.300000 1.9e-005 
40.400000 1.9e-005 
40.500000 1.8e-005 
40.600000 1.8e-005 
40.700000 1.8e-005 
40.800000 1.8e-005 
40.900000 1.8e-005 
41.000000 1.8e-005 
41.100000 1.8e-005 
41.200000 1.8e-005 
41.300000 1.8e-005 
41.400000 1.8e-005 
41.500000 1.8e-005 
41.600000 1.8e-005 
41.700000 1.7e-005 
41.800000 1.7e-005 
41.900000 1.7e-005 
42.000000 1.5e-005 
42.100000 1.5e-005 
42.200000 1.5e-005 
42.300000 1.5e-005 
42.400000 1.5e-005 
42.500000 1.5e-005 
42.600000 1.5e-005 
42.700000 1.5e-005 
42.800000 1.5e-005 
42.900000 1.5e-005 
43.000000 1.5e-005 
43.100000 1.5e-005 
43.200000 1.5e-005 
43.300000 1.5e-005 
43.400000 1.5e-005 
43.500000 1.5e-005 
43.600000 1.5e-005 
43.700000 1.5e-005 
43.800000 1.5e-005 
43.900000 1.5e-005 
44.000000 1.5e-005 
44.100000 1.5e-005 
44.200000 1.4e-005 
44.300000 1.4e-005 
44.400000 1.4e-005 
44.500000 1.4e-005 
44.600000 1.4e-005 
44.700000 1.4e-005 
44.800000 1.3e-005 
44.900000 1.3e-005 
45.000000 1.2e-005 
45.100000 1.2e-005 
45.200000 1.2e-005 
45.300000 1.2e-005 
45.400000 1.2e-005 
45.500000 1.2e-005 
45.600000 1.2e-005 
45.700000 1.2e-005 
45.800000 1.2e-005 
45.900000 1.2e-005 
46.000000 1.2e-005 
46.100000 1.2e-005 
46.200000 1.2e-005 
46.300000 1.2e-005 
46.400000 1.2e-005 
46.500000 1.2e-005 
46.600000 1.1e-005 
46.700000 1.1e-005 
46.800000 1e-005 
46.900000 1e-005 
47.000000 1e-005 
47.100000 1e-005 
47.200000 1e-005 
47.300000 1e-005 
47.400000 1e-005 
47.500000 9e-006 
47.600000 9e-006 
47.700000 9e-006 
47.800000 9e-006 
47.900000 9e-006 
48.000000 9e-006 
48.100000 9e-006 
48.200000 9e-006 
48.300000 9e-006 
48.400000 9e-006 
48.500000 9e-006 
48.600000 9e-006 
48.700000 9e-006 
48.800000 9e-006 
48.900000 9e-006 
49.000000 9e-006 
49.100000 9e-006 
49.200000 9e-006 
49.300000 9e-006 
49.400000 9e-006 
49.500000 9e-006 
49.600000 9e-006 
49.700000 9e-006 
49.800000 9e-006 
49.900000 9e-006 
50.000000 9e-006 
50.100000 9e-006 
50.200000 9e-006 
50.300000 9e-006 
50.400000 9e-006 
50.500000 9e-006 
50.600000 9e-006 
50.700000 9e-006 
50.800000 8e-006 
50.900000 8e-006 
51.000000 8e-006 
51.100000 7e-006 
51.200000 7e-006 
51.300000 7e-006 
51.400000 7e-006 
51.500000 7e-006 
51.600000 7e-006 
51.700000 7e-006 
51.800000 7e-006 
51.900000 7e-006 
52.000000 7e-006 
52.100000 7e-006 
52.200000 7e-006 
52.300000 7e-006 
52.400000 6e-006 
52.500000 5e-006 
52.600000 5e-006 
52.700000 5e-006 
52.800000 5e-006 
52.900000 5e-006 
53.000000 5e-006 
53.100000 5e-006 
53.200000 5e-006 
53.300000 5e-006 
53.400000 5e-006 
53.500000 5e-006 
53.600000 4e-006 
53.700000 4e-006 
53.800000 4e-006 
53.900000 4e-006 
54.000000 4e-006 
54.100000 4e-006 
54.200000 4e-006 
54.300000 4e-006 
54.400000 4e-006 
54.500000 4e-006 
54.600000 4e-006 
54.700000 4e-006 
54.800000 4e-006 
54.900000 4e-006 
55.000000 4e-006 
55.100000 4e-006 
55.200000 4e-006 
55.300000 4e-006 
55.400000 4e-006 
55.500000 4e-006 
55.600000 4e-006 
55.700000 4e-006 
55.800000 4e-006 
55.900000 4e-006 
56.000000 4e-006 
56.100000 4e-006 
56.200000 4e-006 
56.300000 4e-006 
56.400000 4e-006 
56.500000 3e-006 
56.600000 3e-006 
56.700000 3e-006 
56.800000 3e-006 
56.900000 3e-006 
57.000000 3e-006 
57.100000 3e-006 
57.200000 3e-006 
57.300000 3e-006 
57.400000 3e-006 
57.500000 2e-006 
57.600000 2e-006 
57.700000 2e-006 
57.800000 2e-006 
57.900000 2e-006 
58.000000 2e-006 
58.100000 2e-006 
58.200000 2e-006 
58.300000 2e-006 
58.400000 2e-006 
58.500000 2e-006 
58.600000 2e-006 
58.700000 2e-006 
58.800000 2e-006 
58.900000 2e-006 
59.000000 2e-006 
59.100000 2e-006 
59.200000 2e-006 
59.300000 2e-006 
59.400000 2e-006 
59.500000 2e-006 
59.600000 2e-006 
59.700000 2e-006 
59.800000 2e-006 
59.900000 2e-006 
60.000000 2e-006 
60.100000 2e-006 
60.200000 2e-006 
60.300000 2e-006 
60.400000 2e-006 
60.500000 2e-006 
60.600000 2e-006 
60.700000 2e-006 
60.800000 2e-006 
60.900000 2e-006 
61.000000 2e-006 
61.100000 2e-006 
61.200000 2e-006 
61.300000 2e-006 
61.400000 2e-006 
61.500000 2e-006 
61.600000 2e-006 
61.700000 2e-006 
61.800000 2e-006 
61.900000 2e-006 
62.000000 2e-006 
62.100000 2e-006 
62.200000 2e-006 
62.300000 2e-006 
62.400000 2e-006 
62.500000 2e-006 
62.600000 2e-006 
62.700000 2e-006 
62.800000 2e-006 
62.900000 2e-006 
63.000000 2e-006 
63.100000 2e-006 
63.200000 2e-006 
63.300000 2e-006 
63.400000 2e-006 
63.500000 2e-006 
63.600000 2e-006 
63.700000 2e-006 
63.800000 2e-006 
63.900000 2e-006 
64.000000 2e-006 
64.100000 2e-006 
64.200000 2e-006 
64.300000 2e-006 
64.400000 2e-006 
64.500000 2e-006 
64.600000 2e-006 
64.700000 2e-006 
64.800000 2e-006 
64.900000 2e-006 
65.000000 2e-006 
65.100000 2e-006 
65.200000 2e-006 
65.300000 2e-006 
65.400000 2e-006 
65.500000 2e-006 
65.600000 2e-006 
65.700000 2e-006 
65.800000 2e-006 
65.900000 2e-006 
66.000000 2e-006 
66.100000 2e-006 
66.200000 2e-006 
66.300000 2e-006 
66.400000 2e-006 
66.500000 2e-006 
66.600000 2e-006 
66.700000 2e-006 
66.800000 2e-006 
66.900000 2e-006 
67.000000 2e-006 
67.100000 2e-006 
67.200000 2e-006 
67.300000 2e-006 
67.400000 2e-006 
67.500000 2e-006 
67.600000 2e-006 
67.700000 2e-006 
67.800000 2e-006 
67.900000 2e-006 
68.000000 2e-006 
68.100000 2e-006 
68.200000 2e-006 
68.300000 2e-006 
68.400000 2e-006 
68.500000 2e-006 
68.600000 2e-006 
68.700000 2e-006 
68.800000 2e-006 
68.900000 2e-006 
69.000000 2e-006 
69.100000 2e-006 
69.200000 2e-006 
69.300000 2e-006 
69.400000 2e-006 
69.500000 2e-006 
69.600000 2e-006 
69.700000 2e-006 
69.800000 2e-006 
69.900000 2e-006 
70.000000 2e-006 
70.100000 2e-006 
70.200000 2e-006 
70.300000 2e-006 
70.400000 2e-006 
70.500000 2e-006 
70.600000 2e-006 
70.700000 2e-006 
70.800000 2e-006 
70.900000 2e-006 
71.000000 2e-006 
71.100000 2e-006 
71.200000 2e-006 
71.300000 2e-006 
71.400000 2e-006 
71.500000 2e-006 
71.600000 2e-006 
71.700000 2e-006 
71.800000 2e-006 
71.900000 2e-006 
72.000000 2e-006 
72.100000 2e-006 
72.200000 2e-006 
72.300000 2e-006 
72.400000 2e-006 
72.500000 2e-006 
72.600000 2e-006 
72.700000 2e-006 
72.800000 2e-006 
72.900000 2e-006 
73.000000 2e-006 
73.100000 2e-006 
73.200000 2e-006 
73.300000 2e-006 
73.400000 2e-006 
73.500000 2e-006 
73.600000 2e-006 
73.700000 2e-006 
73.800000 2e-006 
73.900000 2e-006 
74.000000 2e-006 
74.100000 2e-006 
74.200000 2e-006 
74.300000 2e-006 
74.400000 2e-006 
74.500000 2e-006 
74.600000 2e-006 
74.700000 2e-006 
74.800000 2e-006 
74.900000 2e-006 
75.000000 2e-006 
75.100000 2e-006 
75.200000 2e-006 
75.300000 2e-006 
75.400000 2e-006 
75.500000 2e-006 
75.600000 2e-006 
75.700000 2e-006 
75.800000 2e-006 
75.900000 2e-006 
76.000000 2e-006 
76.100000 2e-006 
76.200000 2e-006 
76.300000 2e-006 
76.400000 2e-006 
76.500000 2e-006 
76.600000 2e-006 
76.700000 2e-006 
76.800000 2e-006 
76.900000 2e-006 
77.000000 2e-006 
77.100000 2e-006 
77.200000 2e-006 
77.300000 2e-006 
77.400000 2e-006 
77.500000 2e-006 
77.600000 2e-006 
77.700000 2e-006 
77.800000 2e-006 
77.900000 2e-006 
78.000000 2e-006 
78.100000 2e-006 
78.200000 2e-006 
78.300000 2e-006 
78.400000 2e-006 
78.500000 2e-006 
78.600000 2e-006 
78.700000 2e-006 
78.800000 2e-006 
78.900000 2e-006 
79.000000 2e-006 
79.100000 2e-006 
79.200000 2e-006 
79.300000 2e-006 
79.400000 2e-006 
79.500000 2e-006 
79.600000 2e-006 
79.700000 2e-006 
79.800000 2e-006 
79.900000 2e-006 
80.000000 2e-006 
80.100000 2e-006 
80.200000 2e-006 
80.300000 2e-006 
80.400000 2e-006 
80.500000 2e-006 
80.600000 2e-006 
80.700000 2e-006 
80.800000 2e-006 
80.900000 2e-006 
81.000000 2e-006 
81.100000 2e-006 
81.200000 2e-006 
81.300000 2e-006 
81.400000 2e-006 
81.500000 2e-006 
81.600000 2e-006 
81.700000 2e-006 
81.800000 2e-006 
81.900000 2e-006 
82.000000 2e-006 
82.100000 2e-006 
82.200000 2e-006 
82.300000 2e-006 
82.400000 2e-006 
82.500000 2e-006 
82.600000 2e-006 
82.700000 2e-006 
82.800000 2e-006 
82.900000 2e-006 
83.000000 2e-006 
83.100000 2e-006 
83.200000 2e-006 
83.300000 2e-006 
83.400000 2e-006 
83.500000 2e-006 
83.600000 2e-006 
83.700000 2e-006 
83.800000 2e-006 
83.900000 2e-006 
84.000000 2e-006 
84.100000 2e-006 
84.200000 2e-006 
84.300000 2e-006 
84.400000 2e-006 
84.500000 2e-006 
84.600000 2e-006 
84.700000 2e-006 
84.800000 2e-006 
84.900000 2e-006 
85.000000 2e-006 
85.100000 2e-006 
85.200000 2e-006 
85.300000 2e-006 
85.400000 2e-006 
85.500000 2e-006 
85.600000 2e-006 
85.700000 2e-006 
85.800000 2e-006 
85.900000 2e-006 
86.000000 2e-006 
86.100000 2e-006 
86.200000 2e-006 
86.300000 2e-006 
86.400000 2e-006 
86.500000 2e-006 
86.600000 2e-006 
86.700000 2e-006 
86.800000 2e-006 
86.900000 2e-006 
87.000000 2e-006 
87.100000 2e-006 
87.200000 2e-006 
