0.000000 1 
0.100000 0.987654 
0.200000 0.987654 
0.300000 0.975309 
0.400000 0.975309 
0.500000 0.975309 
0.600000 0.975309 
0.700000 0.975309 
0.800000 0.975309 
0.900000 0.975309 
1.000000 0.975309 
1.100000 0.975309 
1.200000 0.975309 
1.300000 0.975309 
1.400000 0.975309 
1.500000 0.975309 
1.600000 0.975309 
1.700000 0.962963 
1.800000 0.962963 
1.900000 0.962963 
2.000000 0.950617 
2.100000 0.950617 
2.200000 0.950617 
2.300000 0.950617 
2.400000 0.938272 
2.500000 0.938272 
2.600000 0.938272 
2.700000 0.938272 
2.800000 0.938272 
2.900000 0.938272 
3.000000 0.938272 
3.100000 0.938272 
3.200000 0.938272 
3.300000 0.938272 
3.400000 0.938272 
3.500000 0.938272 
3.600000 0.938272 
3.700000 0.938272 
3.800000 0.938272 
3.900000 0.938272 
4.000000 0.938272 
4.100000 0.938272 
4.200000 0.938272 
4.300000 0.938272 
4.400000 0.938272 
4.500000 0.938272 
4.600000 0.925926 
4.700000 0.925926 
4.800000 0.925926 
4.900000 0.925926 
5.000000 0.925926 
5.100000 0.925926 
5.200000 0.925926 
5.300000 0.925926 
5.400000 0.925926 
5.500000 0.925926 
5.600000 0.925926 
5.700000 0.925926 
5.800000 0.925926 
5.900000 0.925926 
6.000000 0.925926 
6.100000 0.925926 
6.200000 0.925926 
6.300000 0.925926 
6.400000 0.925926 
6.500000 0.91358 
6.600000 0.91358 
6.700000 0.91358 
6.800000 0.91358 
6.900000 0.91358 
7.000000 0.901235 
7.100000 0.901235 
7.200000 0.901235 
7.300000 0.901235 
7.400000 0.901235 
7.500000 0.901235 
7.600000 0.901235 
7.700000 0.901235 
7.800000 0.901235 
7.900000 0.901235 
8.000000 0.901235 
8.100000 0.901235 
8.200000 0.901235 
8.300000 0.901235 
8.400000 0.901235 
8.500000 0.901235 
8.600000 0.901235 
8.700000 0.888889 
8.800000 0.888889 
8.900000 0.888889 
9.000000 0.888889 
9.100000 0.888889 
9.200000 0.888889 
9.300000 0.888889 
9.400000 0.888889 
9.500000 0.888889 
9.600000 0.888889 
9.700000 0.888889 
9.800000 0.888889 
9.900000 0.888889 
10.000000 0.888889 
10.100000 0.888889 
10.200000 0.888889 
10.300000 0.888889 
10.400000 0.888889 
10.500000 0.888889 
10.600000 0.888889 
10.700000 0.888889 
10.800000 0.876543 
10.900000 0.876543 
11.000000 0.876543 
11.100000 0.876543 
11.200000 0.876543 
11.300000 0.876543 
11.400000 0.864198 
11.500000 0.864198 
11.600000 0.864198 
11.700000 0.864198 
11.800000 0.864198 
11.900000 0.864198 
12.000000 0.864198 
12.100000 0.864198 
12.200000 0.864198 
12.300000 0.864198 
12.400000 0.864198 
12.500000 0.864198 
12.600000 0.864198 
12.700000 0.864198 
12.800000 0.864198 
12.900000 0.864198 
13.000000 0.864198 
13.100000 0.864198 
13.200000 0.864198 
13.300000 0.864198 
13.400000 0.851852 
13.500000 0.851852 
13.600000 0.851852 
13.700000 0.851852 
13.800000 0.851852 
13.900000 0.851852 
14.000000 0.851852 
14.100000 0.851852 
14.200000 0.851852 
14.300000 0.851852 
14.400000 0.851852 
14.500000 0.851852 
14.600000 0.851852 
14.700000 0.851852 
14.800000 0.851852 
14.900000 0.851852 
15.000000 0.851852 
15.100000 0.851852 
15.200000 0.839506 
15.300000 0.839506 
15.400000 0.839506 
15.500000 0.839506 
15.600000 0.839506 
15.700000 0.82716 
15.800000 0.82716 
15.900000 0.82716 
16.000000 0.814815 
16.100000 0.814815 
16.200000 0.814815 
16.300000 0.814815 
16.400000 0.814815 
16.500000 0.814815 
16.600000 0.814815 
16.700000 0.802469 
16.800000 0.802469 
16.900000 0.802469 
17.000000 0.802469 
17.100000 0.802469 
17.200000 0.802469 
17.300000 0.802469 
17.400000 0.802469 
17.500000 0.802469 
17.600000 0.802469 
17.700000 0.802469 
17.800000 0.802469 
17.900000 0.802469 
18.000000 0.802469 
18.100000 0.802469 
18.200000 0.802469 
18.300000 0.802469 
18.400000 0.802469 
18.500000 0.802469 
18.600000 0.802469 
18.700000 0.790123 
18.800000 0.790123 
18.900000 0.790123 
19.000000 0.790123 
19.100000 0.790123 
19.200000 0.790123 
19.300000 0.790123 
19.400000 0.790123 
19.500000 0.790123 
19.600000 0.790123 
19.700000 0.790123 
19.800000 0.790123 
19.900000 0.790123 
20.000000 0.790123 
20.100000 0.790123 
20.200000 0.790123 
20.300000 0.790123 
20.400000 0.790123 
20.500000 0.790123 
20.600000 0.790123 
20.700000 0.790123 
20.800000 0.790123 
20.900000 0.790123 
21.000000 0.790123 
21.100000 0.777778 
21.200000 0.777778 
21.300000 0.777778 
21.400000 0.777778 
21.500000 0.777778 
21.600000 0.777778 
21.700000 0.777778 
21.800000 0.777778 
21.900000 0.777778 
22.000000 0.777778 
22.100000 0.777778 
22.200000 0.777778 
22.300000 0.777778 
22.400000 0.777778 
22.500000 0.777778 
22.600000 0.765432 
22.700000 0.765432 
22.800000 0.765432 
22.900000 0.765432 
23.000000 0.765432 
23.100000 0.765432 
23.200000 0.765432 
23.300000 0.765432 
23.400000 0.753086 
23.500000 0.753086 
23.600000 0.753086 
23.700000 0.753086 
23.800000 0.753086 
23.900000 0.753086 
24.000000 0.753086 
24.100000 0.753086 
24.200000 0.753086 
24.300000 0.753086 
24.400000 0.753086 
24.500000 0.753086 
24.600000 0.753086 
24.700000 0.753086 
24.800000 0.753086 
24.900000 0.740741 
25.000000 0.740741 
25.100000 0.740741 
25.200000 0.740741 
25.300000 0.740741 
25.400000 0.740741 
25.500000 0.740741 
25.600000 0.740741 
25.700000 0.740741 
25.800000 0.740741 
25.900000 0.740741 
26.000000 0.740741 
26.100000 0.740741 
26.200000 0.740741 
26.300000 0.740741 
26.400000 0.740741 
26.500000 0.740741 
26.600000 0.740741 
26.700000 0.740741 
26.800000 0.740741 
26.900000 0.740741 
27.000000 0.740741 
27.100000 0.740741 
27.200000 0.740741 
27.300000 0.740741 
27.400000 0.740741 
27.500000 0.740741 
27.600000 0.728395 
27.700000 0.728395 
27.800000 0.728395 
27.900000 0.728395 
28.000000 0.728395 
28.100000 0.728395 
28.200000 0.716049 
28.300000 0.716049 
28.400000 0.716049 
28.500000 0.716049 
28.600000 0.716049 
28.700000 0.716049 
28.800000 0.716049 
28.900000 0.716049 
29.000000 0.716049 
29.100000 0.703704 
29.200000 0.703704 
29.300000 0.703704 
29.400000 0.703704 
29.500000 0.703704 
29.600000 0.703704 
29.700000 0.703704 
29.800000 0.703704 
29.900000 0.703704 
30.000000 0.703704 
30.100000 0.703704 
30.200000 0.703704 
30.300000 0.703704 
30.400000 0.703704 
30.500000 0.703704 
30.600000 0.691358 
30.700000 0.691358 
30.800000 0.691358 
30.900000 0.691358 
31.000000 0.691358 
31.100000 0.691358 
31.200000 0.691358 
31.300000 0.691358 
31.400000 0.691358 
31.500000 0.691358 
31.600000 0.691358 
31.700000 0.691358 
31.800000 0.691358 
31.900000 0.691358 
32.000000 0.691358 
32.100000 0.691358 
32.200000 0.691358 
32.300000 0.691358 
32.400000 0.691358 
32.500000 0.691358 
32.600000 0.679012 
32.700000 0.679012 
32.800000 0.679012 
32.900000 0.679012 
33.000000 0.679012 
33.100000 0.679012 
33.200000 0.666667 
33.300000 0.666667 
33.400000 0.666667 
33.500000 0.666667 
33.600000 0.666667 
33.700000 0.666667 
33.800000 0.666667 
33.900000 0.666667 
34.000000 0.654321 
34.100000 0.654321 
34.200000 0.654321 
34.300000 0.654321 
34.400000 0.654321 
34.500000 0.654321 
34.600000 0.654321 
34.700000 0.654321 
34.800000 0.654321 
34.900000 0.654321 
35.000000 0.654321 
35.100000 0.654321 
35.200000 0.654321 
35.300000 0.654321 
35.400000 0.654321 
35.500000 0.641975 
35.600000 0.641975 
35.700000 0.641975 
35.800000 0.641975 
35.900000 0.62963 
36.000000 0.62963 
36.100000 0.62963 
36.200000 0.62963 
36.300000 0.62963 
36.400000 0.62963 
36.500000 0.62963 
36.600000 0.62963 
36.700000 0.62963 
36.800000 0.62963 
36.900000 0.62963 
37.000000 0.62963 
37.100000 0.617284 
37.200000 0.617284 
37.300000 0.617284 
37.400000 0.617284 
37.500000 0.617284 
37.600000 0.617284 
37.700000 0.617284 
37.800000 0.617284 
37.900000 0.617284 
38.000000 0.617284 
38.100000 0.617284 
38.200000 0.617284 
38.300000 0.617284 
38.400000 0.617284 
38.500000 0.617284 
38.600000 0.617284 
38.700000 0.617284 
38.800000 0.617284 
38.900000 0.604938 
39.000000 0.604938 
39.100000 0.604938 
39.200000 0.604938 
39.300000 0.604938 
39.400000 0.604938 
39.500000 0.604938 
39.600000 0.604938 
39.700000 0.604938 
39.800000 0.604938 
39.900000 0.592593 
40.000000 0.592593 
40.100000 0.592593 
40.200000 0.592593 
40.300000 0.592593 
40.400000 0.592593 
40.500000 0.592593 
40.600000 0.592593 
40.700000 0.580247 
40.800000 0.580247 
40.900000 0.580247 
41.000000 0.580247 
41.100000 0.580247 
41.200000 0.580247 
41.300000 0.580247 
41.400000 0.580247 
41.500000 0.580247 
41.600000 0.567901 
41.700000 0.567901 
41.800000 0.555556 
41.900000 0.555556 
42.000000 0.555556 
42.100000 0.555556 
42.200000 0.555556 
42.300000 0.555556 
42.400000 0.555556 
42.500000 0.555556 
42.600000 0.555556 
42.700000 0.555556 
42.800000 0.555556 
42.900000 0.54321 
43.000000 0.54321 
43.100000 0.54321 
43.200000 0.54321 
43.300000 0.54321 
43.400000 0.54321 
43.500000 0.530864 
43.600000 0.530864 
43.700000 0.530864 
43.800000 0.530864 
43.900000 0.530864 
44.000000 0.530864 
44.100000 0.518519 
44.200000 0.518519 
44.300000 0.518519 
44.400000 0.518519 
44.500000 0.506173 
44.600000 0.506173 
44.700000 0.506173 
44.800000 0.506173 
44.900000 0.506173 
45.000000 0.506173 
45.100000 0.506173 
45.200000 0.506173 
45.300000 0.506173 
45.400000 0.506173 
45.500000 0.506173 
45.600000 0.506173 
45.700000 0.506173 
45.800000 0.506173 
45.900000 0.506173 
46.000000 0.506173 
46.100000 0.506173 
46.200000 0.506173 
46.300000 0.506173 
46.400000 0.506173 
46.500000 0.506173 
46.600000 0.493827 
46.700000 0.493827 
46.800000 0.493827 
46.900000 0.493827 
47.000000 0.493827 
47.100000 0.493827 
47.200000 0.493827 
47.300000 0.493827 
47.400000 0.493827 
47.500000 0.493827 
47.600000 0.493827 
47.700000 0.493827 
47.800000 0.493827 
47.900000 0.493827 
48.000000 0.493827 
48.100000 0.493827 
48.200000 0.493827 
48.300000 0.493827 
48.400000 0.493827 
48.500000 0.493827 
48.600000 0.493827 
48.700000 0.493827 
48.800000 0.493827 
48.900000 0.493827 
49.000000 0.493827 
49.100000 0.493827 
49.200000 0.493827 
49.300000 0.481481 
49.400000 0.481481 
49.500000 0.481481 
49.600000 0.481481 
49.700000 0.481481 
49.800000 0.481481 
49.900000 0.481481 
50.000000 0.481481 
50.100000 0.481481 
50.200000 0.481481 
50.300000 0.481481 
50.400000 0.469136 
50.500000 0.45679 
50.600000 0.45679 
50.700000 0.45679 
50.800000 0.45679 
50.900000 0.45679 
51.000000 0.45679 
51.100000 0.45679 
51.200000 0.45679 
51.300000 0.45679 
51.400000 0.45679 
51.500000 0.45679 
51.600000 0.45679 
51.700000 0.45679 
51.800000 0.45679 
51.900000 0.45679 
52.000000 0.45679 
52.100000 0.45679 
52.200000 0.45679 
52.300000 0.45679 
52.400000 0.45679 
52.500000 0.45679 
52.600000 0.45679 
52.700000 0.444444 
52.800000 0.444444 
52.900000 0.444444 
53.000000 0.444444 
53.100000 0.444444 
53.200000 0.444444 
53.300000 0.444444 
53.400000 0.444444 
53.500000 0.444444 
53.600000 0.444444 
53.700000 0.444444 
53.800000 0.444444 
53.900000 0.444444 
54.000000 0.444444 
54.100000 0.444444 
54.200000 0.444444 
54.300000 0.444444 
54.400000 0.444444 
54.500000 0.444444 
54.600000 0.444444 
54.700000 0.432099 
54.800000 0.432099 
54.900000 0.432099 
55.000000 0.432099 
55.100000 0.432099 
55.200000 0.432099 
55.300000 0.432099 
55.400000 0.432099 
55.500000 0.432099 
55.600000 0.432099 
55.700000 0.432099 
55.800000 0.419753 
55.900000 0.419753 
56.000000 0.419753 
56.100000 0.419753 
56.200000 0.419753 
56.300000 0.419753 
56.400000 0.419753 
56.500000 0.419753 
56.600000 0.419753 
56.700000 0.407407 
56.800000 0.407407 
56.900000 0.407407 
57.000000 0.407407 
57.100000 0.395062 
57.200000 0.395062 
57.300000 0.395062 
57.400000 0.395062 
57.500000 0.395062 
57.600000 0.395062 
57.700000 0.395062 
57.800000 0.395062 
57.900000 0.395062 
58.000000 0.395062 
58.100000 0.382716 
58.200000 0.382716 
58.300000 0.382716 
58.400000 0.382716 
58.500000 0.382716 
58.600000 0.382716 
58.700000 0.382716 
58.800000 0.382716 
58.900000 0.382716 
59.000000 0.382716 
59.100000 0.382716 
59.200000 0.382716 
59.300000 0.382716 
59.400000 0.382716 
59.500000 0.382716 
59.600000 0.382716 
59.700000 0.382716 
59.800000 0.382716 
59.900000 0.382716 
60.000000 0.382716 
60.100000 0.382716 
60.200000 0.37037 
60.300000 0.37037 
60.400000 0.37037 
60.500000 0.37037 
60.600000 0.37037 
60.700000 0.37037 
60.800000 0.37037 
60.900000 0.37037 
61.000000 0.37037 
61.100000 0.37037 
61.200000 0.37037 
61.300000 0.37037 
61.400000 0.37037 
61.500000 0.37037 
61.600000 0.37037 
61.700000 0.37037 
61.800000 0.358025 
61.900000 0.358025 
62.000000 0.358025 
62.100000 0.358025 
62.200000 0.358025 
62.300000 0.358025 
62.400000 0.358025 
62.500000 0.358025 
62.600000 0.358025 
62.700000 0.358025 
62.800000 0.358025 
62.900000 0.358025 
63.000000 0.358025 
63.100000 0.358025 
63.200000 0.345679 
63.300000 0.345679 
63.400000 0.345679 
63.500000 0.345679 
63.600000 0.345679 
63.700000 0.345679 
63.800000 0.345679 
63.900000 0.345679 
64.000000 0.345679 
64.100000 0.345679 
64.200000 0.345679 
64.300000 0.345679 
64.400000 0.345679 
64.500000 0.345679 
64.600000 0.345679 
64.700000 0.345679 
64.800000 0.345679 
64.900000 0.333333 
65.000000 0.320988 
65.100000 0.320988 
65.200000 0.320988 
65.300000 0.320988 
65.400000 0.320988 
65.500000 0.320988 
65.600000 0.320988 
65.700000 0.320988 
65.800000 0.320988 
65.900000 0.320988 
66.000000 0.320988 
66.100000 0.320988 
66.200000 0.320988 
66.300000 0.320988 
66.400000 0.320988 
66.500000 0.320988 
66.600000 0.308642 
66.700000 0.308642 
66.800000 0.308642 
66.900000 0.308642 
67.000000 0.308642 
67.100000 0.308642 
67.200000 0.308642 
67.300000 0.308642 
67.400000 0.308642 
67.500000 0.308642 
67.600000 0.308642 
67.700000 0.308642 
67.800000 0.308642 
67.900000 0.308642 
68.000000 0.308642 
68.100000 0.308642 
68.200000 0.308642 
68.300000 0.308642 
68.400000 0.308642 
68.500000 0.308642 
68.600000 0.308642 
68.700000 0.308642 
68.800000 0.308642 
68.900000 0.308642 
69.000000 0.308642 
69.100000 0.308642 
69.200000 0.308642 
69.300000 0.308642 
69.400000 0.308642 
69.500000 0.308642 
69.600000 0.308642 
69.700000 0.308642 
69.800000 0.308642 
69.900000 0.308642 
70.000000 0.308642 
70.100000 0.308642 
70.200000 0.296296 
70.300000 0.283951 
70.400000 0.283951 
70.500000 0.283951 
70.600000 0.283951 
70.700000 0.283951 
70.800000 0.283951 
70.900000 0.283951 
71.000000 0.283951 
71.100000 0.283951 
71.200000 0.283951 
71.300000 0.283951 
71.400000 0.283951 
71.500000 0.283951 
71.600000 0.283951 
71.700000 0.283951 
71.800000 0.283951 
71.900000 0.283951 
72.000000 0.283951 
72.100000 0.283951 
72.200000 0.283951 
72.300000 0.283951 
72.400000 0.283951 
72.500000 0.283951 
72.600000 0.283951 
72.700000 0.283951 
72.800000 0.283951 
72.900000 0.283951 
73.000000 0.283951 
73.100000 0.283951 
73.200000 0.283951 
73.300000 0.283951 
73.400000 0.283951 
73.500000 0.283951 
73.600000 0.283951 
73.700000 0.283951 
73.800000 0.283951 
73.900000 0.283951 
74.000000 0.283951 
74.100000 0.283951 
74.200000 0.271605 
74.300000 0.271605 
74.400000 0.271605 
74.500000 0.271605 
74.600000 0.271605 
74.700000 0.271605 
74.800000 0.271605 
74.900000 0.271605 
75.000000 0.271605 
75.100000 0.271605 
75.200000 0.271605 
75.300000 0.271605 
75.400000 0.271605 
75.500000 0.259259 
75.600000 0.259259 
75.700000 0.259259 
75.800000 0.259259 
75.900000 0.259259 
76.000000 0.259259 
76.100000 0.259259 
76.200000 0.259259 
76.300000 0.259259 
76.400000 0.246914 
76.500000 0.246914 
76.600000 0.246914 
76.700000 0.246914 
76.800000 0.246914 
76.900000 0.246914 
77.000000 0.246914 
77.100000 0.246914 
77.200000 0.234568 
77.300000 0.234568 
77.400000 0.234568 
77.500000 0.234568 
77.600000 0.234568 
77.700000 0.234568 
77.800000 0.234568 
77.900000 0.234568 
78.000000 0.234568 
78.100000 0.234568 
78.200000 0.222222 
78.300000 0.222222 
78.400000 0.222222 
78.500000 0.222222 
78.600000 0.222222 
78.700000 0.209877 
78.800000 0.209877 
78.900000 0.209877 
79.000000 0.209877 
79.100000 0.197531 
79.200000 0.197531 
79.300000 0.185185 
79.400000 0.185185 
79.500000 0.185185 
79.600000 0.185185 
79.700000 0.185185 
79.800000 0.17284 
79.900000 0.17284 
80.000000 0.17284 
80.100000 0.17284 
80.200000 0.17284 
80.300000 0.160494 
80.400000 0.160494 
80.500000 0.160494 
80.600000 0.160494 
80.700000 0.160494 
80.800000 0.160494 
80.900000 0.160494 
81.000000 0.148148 
81.100000 0.148148 
81.200000 0.148148 
81.300000 0.148148 
81.400000 0.148148 
81.500000 0.135802 
81.600000 0.135802 
81.700000 0.135802 
81.800000 0.135802 
81.900000 0.135802 
82.000000 0.135802 
82.100000 0.135802 
82.200000 0.135802 
82.300000 0.135802 
82.400000 0.123457 
82.500000 0.123457 
82.600000 0.123457 
82.700000 0.123457 
82.800000 0.123457 
82.900000 0.123457 
83.000000 0.123457 
83.100000 0.123457 
83.200000 0.123457 
83.300000 0.123457 
83.400000 0.123457 
83.500000 0.123457 
83.600000 0.123457 
83.700000 0.123457 
83.800000 0.123457 
83.900000 0.111111 
84.000000 0.111111 
84.100000 0.111111 
84.200000 0.111111 
84.300000 0.111111 
84.400000 0.111111 
84.500000 0.111111 
84.600000 0.111111 
84.700000 0.111111 
84.800000 0.111111 
84.900000 0.111111 
85.000000 0.111111 
85.100000 0.111111 
85.200000 0.111111 
85.300000 0.111111 
85.400000 0.111111 
85.500000 0.0987654 
85.600000 0.0987654 
85.700000 0.0987654 
85.800000 0.0987654 
85.900000 0.0987654 
86.000000 0.0987654 
86.100000 0.0987654 
86.200000 0.0987654 
86.300000 0.0987654 
86.400000 0.0987654 
86.500000 0.0987654 
86.600000 0.0987654 
86.700000 0.0987654 
86.800000 0.0864198 
86.900000 0.0864198 
87.000000 0.0864198 
87.100000 0.0864198 
87.200000 0.0864198 
87.300000 0.0864198 
87.400000 0.0864198 
87.500000 0.0864198 
87.600000 0.0864198 
87.700000 0.0740741 
87.800000 0.0740741 
87.900000 0.0740741 
88.000000 0.0740741 
88.100000 0.0740741 
88.200000 0.0740741 
88.300000 0.0740741 
88.400000 0.0740741 
88.500000 0.0740741 
88.600000 0.0740741 
88.700000 0.0740741 
88.800000 0.0740741 
88.900000 0.0740741 
89.000000 0.0740741 
89.100000 0.0740741 
89.200000 0.0740741 
89.300000 0.0740741 
89.400000 0.0740741 
89.500000 0.0740741 
89.600000 0.0740741 
89.700000 0.0740741 
89.800000 0.0740741 
89.900000 0.0740741 
90.000000 0.0740741 
90.100000 0.0740741 
90.200000 0.0740741 
90.300000 0.0740741 
90.400000 0.0740741 
90.500000 0.0740741 
90.600000 0.0740741 
90.700000 0.0740741 
90.800000 0.0740741 
90.900000 0.0740741 
91.000000 0.0740741 
91.100000 0.0617284 
91.200000 0.0617284 
91.300000 0.0617284 
91.400000 0.0617284 
91.500000 0.0617284 
91.600000 0.0617284 
91.700000 0.0617284 
91.800000 0.0617284 
91.900000 0.0617284 
92.000000 0.0617284 
92.100000 0.0617284 
92.200000 0.0617284 
92.300000 0.0617284 
92.400000 0.0617284 
92.500000 0.0617284 
92.600000 0.0617284 
92.700000 0.0617284 
92.800000 0.0617284 
92.900000 0.0493827 
93.000000 0.0493827 
93.100000 0.0493827 
93.200000 0.0493827 
93.300000 0.0493827 
93.400000 0.0493827 
93.500000 0.0493827 
93.600000 0.0493827 
93.700000 0.0493827 
93.800000 0.0493827 
93.900000 0.0493827 
94.000000 0.0493827 
94.100000 0.0493827 
94.200000 0.0493827 
94.300000 0.0493827 
94.400000 0.0493827 
94.500000 0.037037 
94.600000 0.037037 
94.700000 0.037037 
94.800000 0.0246914 
94.900000 0.0246914 
95.000000 0.0246914 
95.100000 0.0246914 
95.200000 0.0246914 
95.300000 0.0246914 
95.400000 0.0246914 
95.500000 0.0246914 
95.600000 0.0246914 
95.700000 0.0246914 
95.800000 0.0246914 
95.900000 0.0246914 
96.000000 0.0246914 
96.100000 0.0246914 
96.200000 0.0246914 
96.300000 0.0246914 
96.400000 0.0246914 
96.500000 0.0246914 
96.600000 0.0246914 
96.700000 0.0246914 
96.800000 0.0246914 
96.900000 0.0246914 
97.000000 0.0246914 
97.100000 0.0246914 
97.200000 0.0246914 
97.300000 0.0246914 
97.400000 0.0246914 
97.500000 0.0246914 
97.600000 0.0246914 
97.700000 0.0246914 
97.800000 0.0246914 
97.900000 0.0246914 
98.000000 0.0246914 
98.100000 0.0246914 
